
[SAMIP]
Version            = 1
IDData             = 95A7_2019-07-16_12-50-20_000_010
IDDevice           = SAMIP_50DB
IDDataType         = SAMIP
IDDataTypeSub1     = RAW
IDDataTypeSub2     = 
IDDataTypeSub3     = 
DateTime           = 2019-07-16 12:50:20
PositionLatitude   = 0
PositionLongitude  = 0
Comment            = 
CommentSub1        = 
CommentSub2        = 
CommentSub3        = 
IDMethodType       = SAMIP Control
MethodName         = SAMIP_50DB
Mission            = No Mission
MissionSub         = 1
RecordType         = 0
[Attributes]
IDDataIncl = 95A7_2019-07-16_12-50-20_000_007
IDDataPress = 95A7_2019-07-16_12-50-20_000_008
IDDataSAM = 95A7_2019-07-16_12-50-20_000_009
p999 = 1
[END] of [Attributes]
[DATA]

[END] of [DATA]
[END] of [SAMIP]



[Spectrum]
Version            = 1
IDData             = 95A7_2019-07-16_12-50-20_000_009
IDDevice           = SAM_8581
IDDataType         = SPECTRUM
IDDataTypeSub1     = RAW
IDDataTypeSub2     = 
IDDataTypeSub3     = 
DateTime           = 2019-07-16 12:50:20
PositionLatitude   = 0
PositionLongitude  = 0
Comment            = 
CommentSub1        = 
CommentSub2        = 
CommentSub3        = 
IDMethodType       = SAMIP Control
MethodName         = SAMIP_50DB
Mission            = No Mission
MissionSub         = 1
RecordType         = 0
[Attributes]
CalFactor = 1
IDBasisSpec = 
IDDataBack = DLAB_2018-04-12_13-21-41_161_456
IDDataCal = DLAB_2018-04-13_10-50-24_513_420
InclV = 19.7866511339055
InclValid = 1
InclX = -16.8
InclY = 10.15
IntegrationTime = 1024
P31 = -1
P31e = 0
PathLength = +INF
PathLengthCustomOn = 0
PressValid = 1
Pressure = 0.00987427483212588
RAWDynamic = 65535
Salinity = 0
Temperature = -NAN
Unit1 = $05 $00 Pixel 
Unit2 = $03 $05 Intensity counts
Unit3 = $f0 $05 Error counts
Unit4 = $f1 $00 Status 
p999 = 1
[END] of [Attributes]
[DATA]
 0 9 0 0
 1 1209 0 0
 2 1205 0 0
 3 1215 0 0
 4 1215 0 0
 5 1202 0 0
 6 1212 0 0
 7 1211 0 0
 8 1211 0 0
 9 1205 0 0
 10 1219 0 0
 11 1212 0 0
 12 1202 0 0
 13 1213 0 0
 14 1213 0 0
 15 1211 0 0
 16 1225 0 0
 17 1246 0 0
 18 1263 0 0
 19 1254 0 0
 20 1251 0 0
 21 1250 0 0
 22 1253 0 0
 23 1269 0 0
 24 1289 0 0
 25 1280 0 0
 26 1302 0 0
 27 1344 0 0
 28 1488 0 0
 29 2455 0 0
 30 3118 0 0
 31 2749 0 0
 32 1999 0 0
 33 1927 0 0
 34 2110 0 0
 35 2317 0 0
 36 2564 0 0
 37 3204 0 0
 38 8706 0 0
 39 15201 0 0
 40 14180 0 0
 41 6647 0 0
 42 4162 0 0
 43 3871 0 0
 44 3893 0 0
 45 3875 0 0
 46 3796 0 0
 47 3734 0 0
 48 3673 0 0
 49 3585 0 0
 50 3498 0 0
 51 3470 0 0
 52 3769 0 0
 53 5115 0 0
 54 7381 0 0
 55 8843 0 0
 56 8395 0 0
 57 6954 0 0
 58 5387 0 0
 59 4046 0 0
 60 3218 0 0
 61 2910 0 0
 62 2853 0 0
 63 2834 0 0
 64 2837 0 0
 65 2875 0 0
 66 2976 0 0
 67 3229 0 0
 68 4011 0 0
 69 7176 0 0
 70 18142 0 0
 71 33893 0 0
 72 38709 0 0
 73 28748 0 0
 74 16639 0 0
 75 10047 0 0
 76 7036 0 0
 77 6118 0 0
 78 5980 0 0
 79 6115 0 0
 80 6765 0 0
 81 8384 0 0
 82 10612 0 0
 83 12537 0 0
 84 13428 0 0
 85 12846 0 0
 86 11047 0 0
 87 9268 0 0
 88 7969 0 0
 89 7617 0 0
 90 11490 0 0
 91 20414 0 0
 92 24279 0 0
 93 20462 0 0
 94 14781 0 0
 95 10830 0 0
 96 8832 0 0
 97 7790 0 0
 98 6646 0 0
 99 5112 0 0
 100 3825 0 0
 101 3197 0 0
 102 3048 0 0
 103 3117 0 0
 104 3074 0 0
 105 2764 0 0
 106 2542 0 0
 107 2500 0 0
 108 2386 0 0
 109 2215 0 0
 110 2090 0 0
 111 1991 0 0
 112 1942 0 0
 113 1945 0 0
 114 1972 0 0
 115 1950 0 0
 116 1848 0 0
 117 1730 0 0
 118 1671 0 0
 119 2035 0 0
 120 2785 0 0
 121 3206 0 0
 122 2788 0 0
 123 2079 0 0
 124 1584 0 0
 125 1406 0 0
 126 1358 0 0
 127 1348 0 0
 128 1339 0 0
 129 1316 0 0
 130 1333 0 0
 131 1338 0 0
 132 1312 0 0
 133 1308 0 0
 134 1303 0 0
 135 1268 0 0
 136 1262 0 0
 137 1285 0 0
 138 1297 0 0
 139 1263 0 0
 140 1257 0 0
 141 1273 0 0
 142 1239 0 0
 143 1227 0 0
 144 1234 0 0
 145 1236 0 0
 146 1228 0 0
 147 1245 0 0
 148 1256 0 0
 149 1247 0 0
 150 1250 0 0
 151 1276 0 0
 152 1276 0 0
 153 1239 0 0
 154 1236 0 0
 155 1221 0 0
 156 1210 0 0
 157 1218 0 0
 158 1225 0 0
 159 1222 0 0
 160 1218 0 0
 161 1245 0 0
 162 1243 0 0
 163 1211 0 0
 164 1224 0 0
 165 1231 0 0
 166 1209 0 0
 167 1209 0 0
 168 1222 0 0
 169 1214 0 0
 170 1207 0 0
 171 1208 0 0
 172 1215 0 0
 173 1198 0 0
 174 1205 0 0
 175 1226 0 0
 176 1208 0 0
 177 1203 0 0
 178 1214 0 0
 179 1220 0 0
 180 1202 0 0
 181 1200 0 0
 182 1231 0 0
 183 1219 0 0
 184 1199 0 0
 185 1215 0 0
 186 1219 0 0
 187 1197 0 0
 188 1214 0 0
 189 1212 0 0
 190 1210 0 0
 191 1203 0 0
 192 1212 0 0
 193 1217 0 0
 194 1198 0 0
 195 1207 0 0
 196 1220 0 0
 197 1190 0 0
 198 1197 0 0
 199 1218 0 0
 200 1206 0 0
 201 1197 0 0
 202 1201 0 0
 203 1214 0 0
 204 1200 0 0
 205 1189 0 0
 206 1220 0 0
 207 1210 0 0
 208 1192 0 0
 209 1203 0 0
 210 1207 0 0
 211 1203 0 0
 212 1198 0 0
 213 1217 0 0
 214 1218 0 0
 215 1206 0 0
 216 1210 0 0
 217 1215 0 0
 218 1192 0 0
 219 1205 0 0
 220 1216 0 0
 221 1197 0 0
 222 1201 0 0
 223 1215 0 0
 224 1211 0 0
 225 1183 0 0
 226 1195 0 0
 227 1219 0 0
 228 1197 0 0
 229 1190 0 0
 230 1214 0 0
 231 1209 0 0
 232 1194 0 0
 233 1198 0 0
 234 1212 0 0
 235 1201 0 0
 236 1191 0 0
 237 1210 0 0
 238 1201 0 0
 239 1184 0 0
 240 1209 0 0
 241 1210 0 0
 242 1201 0 0
 243 1195 0 0
 244 1212 0 0
 245 1206 0 0
 246 1189 0 0
 247 1206 0 0
 248 1219 0 0
 249 1190 0 0
 250 1196 0 0
 251 1216 0 0
 252 1204 0 0
 253 1192 0 0
 254 1204 0 0
 255 1225 0 0
[END] of [DATA]
[END] of [Spectrum]



[Pressure]
Version            = 1
IDData             = 95A7_2019-07-16_12-50-20_000_008
IDDevice           = IP_c10e
IDDataType         = Pressure
IDDataTypeSub1     = Calibrated
IDDataTypeSub2     = 
IDDataTypeSub3     = 
DateTime           = 2019-07-16 12:50:20
PositionLatitude   = 0
PositionLongitude  = 0
Comment            = 
CommentSub1        = 
CommentSub2        = 
CommentSub3        = 
IDMethodType       = SAMIP Control
MethodName         = SAMIP_50DB
Mission            = 
MissionSub         = 0
RecordType         = 0
[DATA]
0.00987427483212588
[END] of [DATA]
[END] of [Pressure]



[Inclination]
Version            = 1
IDData             = 95A7_2019-07-16_12-50-20_000_007
IDDevice           = IP_c10e
IDDataType         = Inclination
IDDataTypeSub1     = Calibrated
IDDataTypeSub2     = 
IDDataTypeSub3     = 
DateTime           = 2019-07-16 12:50:20
PositionLatitude   = 0
PositionLongitude  = 0
Comment            = 
CommentSub1        = 
CommentSub2        = 
CommentSub3        = 
IDMethodType       = SAMIP Control
MethodName         = SAMIP_50DB
Mission            = No Mission
MissionSub         = 1
RecordType         = 0
[DATA]
-16.8 10.15 19.7866511339055
[END] of [DATA]
[END] of [Inclination]



[Spectrum]
Version            = 1
IDData             = 95A7_2019-07-16_12-50-20_000_011
IDDevice           = SAM_8581
IDDataType         = SPECTRUM
IDDataTypeSub1     = CALIBRATED
IDDataTypeSub2     = 
IDDataTypeSub3     = 
DateTime           = 2019-07-16 12:50:20
PositionLatitude   = 0
PositionLongitude  = 0
Comment            = 
CommentSub1        = 
CommentSub2        = 
CommentSub3        = 
IDMethodType       = SAMIP Control
MethodName         = SAMIP_50DB
Mission            = No Mission
MissionSub         = 1
RecordType         = 0
[Attributes]
CalFactor = 1
IDBasisSpec = 
IDDataBack = DLAB_2018-04-12_13-21-41_161_456
IDDataCal = DLAB_2018-04-13_10-50-24_513_420
InclV = 19.7866511339055
InclValid = 1
InclX = -16.8
InclY = 10.15
IntegrationTime = 1024
P31 = -1
P31e = 0
PathLength = +INF
PathLengthCustomOn = 0
PressValid = 1
Pressure = 0.00987427483212588
RAWDynamic = 65535
Salinity = 0
Temperature = -NAN
Unit1 = $01 $01 Wavelength nm
Unit2 = $03 $06 Intensity mW/(m^2 nm)
Unit3 = $f0 $06 Error mW/(m^2 nm)
Unit4 = $f1 $00 Status 
p999 = 1
[END] of [Attributes]
[DATA]
 0 9 0 0
 307.94558934712 0 0 0
 311.27333535203 0 0 0
 314.60170164096 0 0 0
 317.93067776125 0.0408823721473477 0 0
 321.26025326024 0.00384160845456373 0 0
 324.59041768527 0.0269696253461089 0 0
 327.92116058368 0.021230659953732 0 0
 331.25247150281 0.0175332812487319 0 0
 334.58433999 0.00892666073017181 0 0
 337.91675559259 0.0191314038192468 0 0
 341.24970785792 0.0134338198653836 0 0
 344.58318633333 0.00201147408842999 0 0
 347.91718056616 0.0118849208233456 0 0
 351.25168010375 0.0104819300461771 0 0
 354.58667449344 0.00969798339936565 0 0
 357.92215328257 0.015806438651316 0 0
 361.25810601848 0.0319997630010222 0 0
 364.59452224851 0.0422581211712582 0 0
 367.93139152 0.0400192661882137 0 0
 371.26870338029 0.0375550519092192 0 0
 374.60644737672 0.0413113652126786 0 0
 377.94461305663 0.0380182836087199 0 0
 381.28318996736 0.051887077236112 0 0
 384.62216765625 0.0643347306478405 0 0
 387.96153567064 0.0567530360684248 0 0
 391.30128355787 0.0665412551280385 0 0
 394.64140086528 0.0900795114161334 0 0
 397.98187714021 0.168391429814218 0 0
 401.32270193 0.682619450643111 0 0
 404.66386478199 0.972255523688104 0 0
 408.00535524352 0.73140162988886 0 0
 411.34716286193 0.352482276974662 0 0
 414.68927718456 0.302593998388414 0 0
 418.03168775875 0.358655752154013 0 0
 421.37438413184 0.420539129766953 0 0
 424.71735585117 0.497278592152774 0 0
 428.06059246408 0.718155265351159 0 0
 431.40408351791 2.66302440535348 0 0
 434.74781856 4.97234013443813 0 0
 438.09178713769 4.65287260681259 0 0
 441.43597879832 1.98454551932876 0 0
 444.78038308923 1.10057508808633 0 0
 448.12498955776 1.01878947623752 0 0
 451.46978775125 1.05201965204338 0 0
 454.81476721704 1.07275563737784 0 0
 458.15991750247 1.06302924094315 0 0
 461.50522815488 1.05584458980279 0 0
 464.85068872161 1.04003269971935 0 0
 468.19628875 1.01036860185817 0 0
 471.54201778739 0.971651035102323 0 0
 474.88786538112 0.955215861363482 0 0
 478.23382107853 1.07278030873119 0 0
 481.57987442696 1.62595475727499 0 0
 484.92601497375 2.55676972006612 0 0
 488.27223226624 3.1494195088374 0 0
 491.61851585177 2.94156578967281 0 0
 494.96485527768 2.32956966340528 0 0
 498.31124009131 1.6685215641388 0 0
 501.65765984 1.11341216412074 0 0
 505.00410407109 0.771598698441069 0 0
 508.35056233192 0.638206486592712 0 0
 511.69702416983 0.600874832536439 0 0
 515.04347913216 0.578989970424601 0 0
 518.38991676625 0.564171738726595 0 0
 521.73632661944 0.563915787850693 0 0
 525.08269823907 0.583435451162036 0 0
 528.42902117248 0.654809612492891 0 0
 531.77528496701 0.890370318298452 0 0
 535.12147917 1.87340359056416 0 0
 538.46759332879 5.28359782621881 0 0
 541.81361699072 10.2195382952184 0 0
 545.15953970313 11.8361208128322 0 0
 548.50535101336 8.83685261734303 0 0
 551.85104046875 5.0504720656428 0 0
 555.19659761664 2.96141566267575 0 0
 558.54201200437 2.00254813655137 0 0
 561.88727317928 1.7313385087105 0 0
 565.23237068871 1.72800644684749 0 0
 568.57729408 1.82544473750781 0 0
 571.92203290049 2.1194800113355 0 0
 575.26657669752 2.80684713246169 0 0
 578.61091501843 3.7698818882934 0 0
 581.95503741056 4.65544145732795 0 0
 585.29893342125 5.14261619778002 0 0
 588.64259259784 5.01238522035008 0 0
 591.98600448767 4.33401425709128 0 0
 595.32915863808 3.6372804158451 0 0
 598.67204459641 3.12944927947197 0 0
 602.01465191 3.04512692219214 0 0
 605.35697012619 4.99954383231854 0 0
 608.69898879232 9.4622264208348 0 0
 612.04069745573 11.4166268085087 0 0
 615.38208566376 9.53484778439761 0 0
 618.72314296375 6.72025072670745 0 0
 622.06385890304 4.77809619058221 0 0
 625.40422302897 3.81328806911155 0 0
 628.74422488888 3.33100520804467 0 0
 632.08385403011 2.79694814243527 0 0
 635.4231 2.0465511883126 0 0
 638.76195234589 1.39763003647252 0 0
 642.10040061512 1.08128998747296 0 0
 645.43843435503 1.01598610687144 0 0
 648.77604311296 1.06624822084017 0 0
 652.11321643625 1.05046338919323 0 0
 655.44994387224 0.881531467191086 0 0
 658.78621496827 0.754473123509664 0 0
 662.12201927168 0.733475165723111 0 0
 665.45734632981 0.676987827698149 0 0
 668.79218569 0.589414812154983 0 0
 672.12652689959 0.523682605333383 0 0
 675.46035950592 0.473102995894137 0 0
 678.79367305633 0.454037915863867 0 0
 682.12645709816 0.467607649770341 0 0
 685.45870117875 0.493606227498028 0 0
 688.79039484544 0.486363399855584 0 0
 692.12152764557 0.422276109748499 0 0
 695.45208912648 0.344998440240078 0 0
 698.78206883551 0.305274724190992 0 0
 702.11145632 0.537290814730954 0 0
 705.44024112729 1.00847065267096 0 0
 708.76841280472 1.26503259084307 0 0
 712.09596089963 0.995510436181577 0 0
 715.42287495936 0.550694051889725 0 0
 718.74914453125 0.239498871597082 0 0
 722.07475916264 0.129565345579734 0 0
 725.39970840087 0.0975393717672301 0 0
 728.72398179328 0.0932228364597931 0 0
 732.04756888721 0.0886526161303358 0 0
 735.37045923 0.076148429239917 0 0
 738.69264236899 0.0869598579533742 0 0
 742.01410785152 0.0936441911332239 0 0
 745.33484522493 0.0735281752835568 0 0
 748.65484403656 0.0731588094991999 0 0
 751.97409383375 0.0692727132652676 0 0
 755.29258416384 0.0452869397466162 0 0
 758.61030457417 0.0425054511001694 0 0
 761.92724461208 0.0604605947229726 0 0
 765.24339382491 0.0704526517708881 0 0
 768.55874176 0.04556949826188 0 0
 771.87327796469 0.0412720505969511 0 0
 775.18699198632 0.0561627903580614 0 0
 778.49987337223 0.0295021283585981 0 0
 781.81191166976 0.0190135746763961 0 0
 785.12309642625 0.0269297862148938 0 0
 788.43341718904 0.029980336217171 0 0
 791.74286350547 0.0208356475930171 0 0
 795.05142492288 0.0392010291431692 0 0
 798.35909098861 0.0493894227462155 0 0
 801.66585125 0.0472251397988088 0 0
 804.97169525439 0.0501666382718678 0 0
 808.27661254912 0.0823893192567973 0 0
 811.58059268153 0.0832069782839435 0 0
 814.88362519896 0.0474442589784647 0 0
 818.18569964875 0.0416316511221162 0 0
 821.48680557824 0.0234553874672288 0 0
 824.78693253477 0.00719947804731857 0 0
 828.08607006568 0.0225399937638028 0 0
 831.38420771831 0.0325340166805187 0 0
 834.68133504 0.0253821244676159 0 0
 837.97744157809 0.0243140078407324 0 0
 841.27251687992 0.0695471073625081 0 0
 844.56655049283 0.0683155952525394 0 0
 847.85953196416 0.0166468793768819 0 0
 851.15145084125 0.0370880443383392 0 0
 854.44229667144 0.0631591933622267 0 0
 857.73205900207 0.0137656591038992 0 0
 861.02072738048 0.0134717669355418 0 0
 864.30829135401 0.0387350101329002 0 0
 867.59474047 0.0340034615455013 0 0
 870.88006427579 0.00459456034089072 0 0
 874.16425231872 0.0160120375402419 0 0
 877.44729414613 0.0324275536389637 0 0
 880.72917930536 -0.00798413437016862 0 0
 884.00989734375 0.00066558151961563 0 0
 887.28943780864 0.0776539245763891 0 0
 890.56779024737 0.0144661839430328 0 0
 893.84494420728 -0.00253649814710293 0 0
 897.12088923571 0.0358139945532303 0 0
 900.39561488 0.0669244790178869 0 0
 903.66911068749 -0.00742777249022866 0 0
 906.94136620552 -0.00346646544609475 0 0
 910.21237098143 0.113090925067481 0 0
 913.48211456256 0.0711123863125084 0 0
 916.75058649625 -0.0195183142483531 0 0
 920.01777632984 0.0597266661995963 0 0
 923.28367361067 0.0856054920218269 0 0
 926.54826788608 -0.0159957707546169 0 0
 929.81154870341 0.0491829312822598 0 0
 933.07350561 0.0542808270003793 0 0
 936.33412815319 0.0429097207951913 0 0
 939.59340588032 0.00582519958120154 0 0
 942.85132833873 0.0717608803023533 0 0
 946.10788507576 0.104801995188932 0 0
 949.36306563875 -0.0270678684312644 0 0
 952.61685957504 0.0537750479512975 0 0
 955.86925643197 0 0 0
 959.12024575688 0 0 0
 962.36981709711 0 0 0
 965.61796 0 0 0
 968.86466401289 0 0 0
 972.10991868312 0 0 0
 975.35371355803 0 0 0
 978.59603818496 0 0 0
 981.83688211125 0 0 0
 985.07623488424 0 0 0
 988.31408605127 0 0 0
 991.55042515968 0 0 0
 994.78524175681 0 0 0
 998.01852539 0 0 0
 1001.25026560659 0 0 0
 1004.48045195392 0 0 0
 1007.70907397933 0 0 0
 1010.93612123016 0 0 0
 1014.16158325375 0 0 0
 1017.38544959744 0 0 0
 1020.60770980857 0 0 0
 1023.82835343448 0 0 0
 1027.04737002251 0 0 0
 1030.26474912 0 0 0
 1033.48048027429 0 0 0
 1036.69455303272 0 0 0
 1039.90695694263 0 0 0
 1043.11768155136 0 0 0
 1046.32671640625 0 0 0
 1049.53405105464 0 0 0
 1052.73967504387 0 0 0
 1055.94357792128 0 0 0
 1059.14574923421 0 0 0
 1062.34617853 0 0 0
 1065.54485535599 0 0 0
 1068.74176925952 0 0 0
 1071.93690978793 0 0 0
 1075.13026648856 0 0 0
 1078.32182890875 0 0 0
 1081.51158659584 0 0 0
 1084.69952909717 0 0 0
 1087.88564596008 0 0 0
 1091.06992673191 0 0 0
 1094.25236096 0 0 0
 1097.43293819169 0 0 0
 1100.61164797432 0 0 0
 1103.78847985523 0 0 0
 1106.96342338176 0 0 0
 1110.13646810125 0 0 0
 1113.30760356104 0 0 0
 1116.47681930847 0 0 0
 1119.64410489088 0 0 0
 1122.80944985561 0 0 0
 1125.97284375 0 0 0
 1129.13427612139 0 0 0
 1132.29373651712 0 0 0
 1135.45121448453 0 0 0
 1138.60669957096 0 0 0
 1141.76018132375 0 0 0
 1144.91164929024 0 0 0
[END] of [DATA]
[END] of [Spectrum]



[SAMIP]
Version            = 1
IDData             = 95A7_2019-07-16_12-50-20_000_012
IDDevice           = SAMIP_50DB
IDDataType         = SAMIP
IDDataTypeSub1     = CALIBRATED
IDDataTypeSub2     = 
IDDataTypeSub3     = 
DateTime           = 2019-07-16 12:50:20
PositionLatitude   = 0
PositionLongitude  = 0
Comment            = 
CommentSub1        = 
CommentSub2        = 
CommentSub3        = 
IDMethodType       = SAMIP Control
MethodName         = SAMIP_50DB
Mission            = No Mission
MissionSub         = 1
RecordType         = 0
[Attributes]
IDDataIncl = 95A7_2019-07-16_12-50-20_000_007
IDDataPress = 95A7_2019-07-16_12-50-20_000_008
IDDataSAM = 95A7_2019-07-16_12-50-20_000_011
p999 = 1
[END] of [Attributes]
[DATA]

[END] of [DATA]
[END] of [SAMIP]



[SAMIP]
Version            = 1
IDData             = 95A7_2019-07-16_12-50-44_000_016
IDDevice           = SAMIP_50DB
IDDataType         = SAMIP
IDDataTypeSub1     = RAW
IDDataTypeSub2     = 
IDDataTypeSub3     = 
DateTime           = 2019-07-16 12:50:44
PositionLatitude   = 0
PositionLongitude  = 0
Comment            = 
CommentSub1        = 
CommentSub2        = 
CommentSub3        = 
IDMethodType       = SAMIP Control
MethodName         = SAMIP_50DB
Mission            = No Mission
MissionSub         = 1
RecordType         = 0
[Attributes]
IDDataIncl = 95A7_2019-07-16_12-50-44_000_013
IDDataPress = 95A7_2019-07-16_12-50-44_000_014
IDDataSAM = 95A7_2019-07-16_12-50-44_000_015
p999 = 1
[END] of [Attributes]
[DATA]

[END] of [DATA]
[END] of [SAMIP]



[Spectrum]
Version            = 1
IDData             = 95A7_2019-07-16_12-50-44_000_015
IDDevice           = SAM_8581
IDDataType         = SPECTRUM
IDDataTypeSub1     = RAW
IDDataTypeSub2     = 
IDDataTypeSub3     = 
DateTime           = 2019-07-16 12:50:44
PositionLatitude   = 0
PositionLongitude  = 0
Comment            = 
CommentSub1        = 
CommentSub2        = 
CommentSub3        = 
IDMethodType       = SAMIP Control
MethodName         = SAMIP_50DB
Mission            = No Mission
MissionSub         = 1
RecordType         = 0
[Attributes]
CalFactor = 1
IDBasisSpec = 
IDDataBack = DLAB_2018-04-12_13-21-41_161_456
IDDataCal = DLAB_2018-04-13_10-52-35_723_455
InclV = 26.3468484601658
InclValid = 1
InclX = -26.25
InclY = 2.1
IntegrationTime = 1024
P31 = -1
P31e = 0
PathLength = +INF
PathLengthCustomOn = 0
PressValid = 1
Pressure = 0.00962077953488261
RAWDynamic = 65535
Salinity = 0
Temperature = -NAN
Unit1 = $05 $00 Pixel 
Unit2 = $03 $05 Intensity counts
Unit3 = $f0 $05 Error counts
Unit4 = $f1 $00 Status 
p999 = 1
[END] of [Attributes]
[DATA]
 0 9 0 0
 1 1222 0 0
 2 1221 0 0
 3 1218 0 0
 4 1224 0 0
 5 1230 0 0
 6 1222 0 0
 7 1212 0 0
 8 1234 0 0
 9 1228 0 0
 10 1217 0 0
 11 1227 0 0
 12 1236 0 0
 13 1228 0 0
 14 1219 0 0
 15 1231 0 0
 16 1249 0 0
 17 1239 0 0
 18 1260 0 0
 19 1268 0 0
 20 1246 0 0
 21 1244 0 0
 22 1268 0 0
 23 1271 0 0
 24 1266 0 0
 25 1262 0 0
 26 1283 0 0
 27 1274 0 0
 28 1399 0 0
 29 2200 0 0
 30 2722 0 0
 31 2396 0 0
 32 1789 0 0
 33 1745 0 0
 34 1872 0 0
 35 2052 0 0
 36 2317 0 0
 37 2873 0 0
 38 7488 0 0
 39 12949 0 0
 40 12149 0 0
 41 5893 0 0
 42 3837 0 0
 43 3613 0 0
 44 3610 0 0
 45 3556 0 0
 46 3491 0 0
 47 3403 0 0
 48 3289 0 0
 49 3186 0 0
 50 3096 0 0
 51 3016 0 0
 52 3319 0 0
 53 4817 0 0
 54 7304 0 0
 55 8870 0 0
 56 8373 0 0
 57 6813 0 0
 58 5065 0 0
 59 3559 0 0
 60 2659 0 0
 61 2290 0 0
 62 2170 0 0
 63 2132 0 0
 64 2097 0 0
 65 2054 0 0
 66 2074 0 0
 67 2267 0 0
 68 2977 0 0
 69 6280 0 0
 70 18090 0 0
 71 34465 0 0
 72 38861 0 0
 73 27932 0 0
 74 15289 0 0
 75 8121 0 0
 76 4676 0 0
 77 3533 0 0
 78 3234 0 0
 79 3242 0 0
 80 3811 0 0
 81 5392 0 0
 82 7766 0 0
 83 10062 0 0
 84 11294 0 0
 85 10778 0 0
 86 8923 0 0
 87 7153 0 0
 88 5907 0 0
 89 5692 0 0
 90 10037 0 0
 91 19815 0 0
 92 24077 0 0
 93 20116 0 0
 94 14182 0 0
 95 10073 0 0
 96 8010 0 0
 97 7010 0 0
 98 5932 0 0
 99 4369 0 0
 100 3082 0 0
 101 2553 0 0
 102 2485 0 0
 103 2613 0 0
 104 2654 0 0
 105 2415 0 0
 106 2205 0 0
 107 2200 0 0
 108 2153 0 0
 109 2009 0 0
 110 1881 0 0
 111 1827 0 0
 112 1822 0 0
 113 1819 0 0
 114 1863 0 0
 115 1888 0 0
 116 1781 0 0
 117 1643 0 0
 118 1620 0 0
 119 2035 0 0
 120 2812 0 0
 121 3265 0 0
 122 2866 0 0
 123 2089 0 0
 124 1538 0 0
 125 1385 0 0
 126 1344 0 0
 127 1308 0 0
 128 1303 0 0
 129 1309 0 0
 130 1317 0 0
 131 1314 0 0
 132 1320 0 0
 133 1307 0 0
 134 1282 0 0
 135 1271 0 0
 136 1285 0 0
 137 1275 0 0
 138 1277 0 0
 139 1282 0 0
 140 1270 0 0
 141 1256 0 0
 142 1257 0 0
 143 1248 0 0
 144 1227 0 0
 145 1232 0 0
 146 1251 0 0
 147 1249 0 0
 148 1240 0 0
 149 1262 0 0
 150 1259 0 0
 151 1266 0 0
 152 1273 0 0
 153 1260 0 0
 154 1238 0 0
 155 1219 0 0
 156 1237 0 0
 157 1225 0 0
 158 1214 0 0
 159 1234 0 0
 160 1246 0 0
 161 1237 0 0
 162 1233 0 0
 163 1244 0 0
 164 1228 0 0
 165 1213 0 0
 166 1222 0 0
 167 1236 0 0
 168 1213 0 0
 169 1206 0 0
 170 1236 0 0
 171 1222 0 0
 172 1213 0 0
 173 1224 0 0
 174 1228 0 0
 175 1213 0 0
 176 1217 0 0
 177 1232 0 0
 178 1218 0 0
 179 1209 0 0
 180 1238 0 0
 181 1225 0 0
 182 1216 0 0
 183 1228 0 0
 184 1226 0 0
 185 1219 0 0
 186 1203 0 0
 187 1224 0 0
 188 1232 0 0
 189 1207 0 0
 190 1223 0 0
 191 1235 0 0
 192 1215 0 0
 193 1216 0 0
 194 1226 0 0
 195 1227 0 0
 196 1214 0 0
 197 1216 0 0
 198 1232 0 0
 199 1220 0 0
 200 1208 0 0
 201 1233 0 0
 202 1217 0 0
 203 1211 0 0
 204 1232 0 0
 205 1218 0 0
 206 1217 0 0
 207 1218 0 0
 208 1231 0 0
 209 1226 0 0
 210 1207 0 0
 211 1231 0 0
 212 1233 0 0
 213 1214 0 0
 214 1226 0 0
 215 1225 0 0
 216 1223 0 0
 217 1210 0 0
 218 1223 0 0
 219 1230 0 0
 220 1212 0 0
 221 1218 0 0
 222 1224 0 0
 223 1213 0 0
 224 1214 0 0
 225 1220 0 0
 226 1227 0 0
 227 1211 0 0
 228 1224 0 0
 229 1227 0 0
 230 1216 0 0
 231 1205 0 0
 232 1230 0 0
 233 1228 0 0
 234 1207 0 0
 235 1220 0 0
 236 1230 0 0
 237 1221 0 0
 238 1211 0 0
 239 1217 0 0
 240 1232 0 0
 241 1206 0 0
 242 1215 0 0
 243 1237 0 0
 244 1210 0 0
 245 1207 0 0
 246 1224 0 0
 247 1224 0 0
 248 1215 0 0
 249 1217 0 0
 250 1227 0 0
 251 1213 0 0
 252 1215 0 0
 253 1236 0 0
 254 1229 0 0
 255 1258 0 0
[END] of [DATA]
[END] of [Spectrum]



[Pressure]
Version            = 1
IDData             = 95A7_2019-07-16_12-50-44_000_014
IDDevice           = IP_c10e
IDDataType         = Pressure
IDDataTypeSub1     = Calibrated
IDDataTypeSub2     = 
IDDataTypeSub3     = 
DateTime           = 2019-07-16 12:50:44
PositionLatitude   = 0
PositionLongitude  = 0
Comment            = 
CommentSub1        = 
CommentSub2        = 
CommentSub3        = 
IDMethodType       = SAMIP Control
MethodName         = SAMIP_50DB
Mission            = 
MissionSub         = 0
RecordType         = 0
[DATA]
0.00962077953488261
[END] of [DATA]
[END] of [Pressure]



[Inclination]
Version            = 1
IDData             = 95A7_2019-07-16_12-50-44_000_013
IDDevice           = IP_c10e
IDDataType         = Inclination
IDDataTypeSub1     = Calibrated
IDDataTypeSub2     = 
IDDataTypeSub3     = 
DateTime           = 2019-07-16 12:50:44
PositionLatitude   = 0
PositionLongitude  = 0
Comment            = 
CommentSub1        = 
CommentSub2        = 
CommentSub3        = 
IDMethodType       = SAMIP Control
MethodName         = SAMIP_50DB
Mission            = No Mission
MissionSub         = 1
RecordType         = 0
[DATA]
-26.25 2.1 26.3468484601658
[END] of [DATA]
[END] of [Inclination]



[Spectrum]
Version            = 1
IDData             = 95A7_2019-07-16_12-50-44_000_017
IDDevice           = SAM_8581
IDDataType         = SPECTRUM
IDDataTypeSub1     = CALIBRATED
IDDataTypeSub2     = 
IDDataTypeSub3     = 
DateTime           = 2019-07-16 12:50:44
PositionLatitude   = 0
PositionLongitude  = 0
Comment            = 
CommentSub1        = 
CommentSub2        = 
CommentSub3        = 
IDMethodType       = SAMIP Control
MethodName         = SAMIP_50DB
Mission            = No Mission
MissionSub         = 1
RecordType         = 0
[Attributes]
CalFactor = 1
IDBasisSpec = 
IDDataBack = DLAB_2018-04-12_13-21-41_161_456
IDDataCal = DLAB_2018-04-13_10-52-35_723_455
InclV = 26.3468484601658
InclValid = 1
InclX = -26.25
InclY = 2.1
IntegrationTime = 1024
P31 = -1
P31e = 0
PathLength = +INF
PathLengthCustomOn = 0
PressValid = 1
Pressure = 0.00962077953488261
RAWDynamic = 65535
Salinity = 0
Temperature = -NAN
Unit1 = $01 $01 Wavelength nm
Unit2 = $03 $06 Intensity mW/(m^2 nm)
Unit3 = $f0 $06 Error mW/(m^2 nm)
Unit4 = $f1 $00 Status 
p999 = 1
[END] of [Attributes]
[DATA]
 0 9 0 0
 307.94558934712 0 0 0
 311.27333535203 0 0 0
 314.60170164096 0 0 0
 317.93067776125 0.0191149561787485 0 0
 321.26025326024 0.0395034256947487 0 0
 324.59041768527 0.0154766797508481 0 0
 327.92116058368 -0.00912388727527741 0 0
 331.25247150281 0.0340893985544744 0 0
 334.58433999 0.0207126899503339 0 0
 337.91675559259 -0.00195833909718599 0 0
 341.24970785792 0.0145433833804743 0 0
 344.58318633333 0.0202958844347729 0 0
 347.91718056616 0.0131939189425374 0 0
 351.25168010375 0.00355740488210296 0 0
 354.58667449344 0.0148146579232743 0 0
 357.92215328257 0.0259051289357202 0 0
 361.25810601848 0.0206324180932353 0 0
 364.59452224851 0.0363439991649825 0 0
 367.93139152 0.0489783038425304 0 0
 371.26870338029 0.0272030349388267 0 0
 374.60644737672 0.0307293097870879 0 0
 377.94461305663 0.0469127509395883 0 0
 381.28318996736 0.0521660874583823 0 0
 384.62216765625 0.0455114647477071 0 0
 387.96153567064 0.0415307251018706 0 0
 391.30128355787 0.0549720178341099 0 0
 394.64140086528 0.0462213394830682 0 0
 397.98187714021 0.136915606212791 0 0
 401.32270193 0.688144843337739 0 0
 404.66386478199 0.983719834632626 0 0
 408.00535524352 0.716059347343093 0 0
 411.34716286193 0.324574844687918 0 0
 414.68927718456 0.283029471204247 0 0
 418.03168775875 0.331495974783968 0 0
 421.37438413184 0.403871039619998 0 0
 424.71735585117 0.515391606391878 0 0
 428.06059246408 0.761501949890992 0 0
 431.40408351791 2.85664561993935 0 0
 434.74781856 5.35089610098637 0 0
 438.09178713769 5.02651151825252 0 0
 441.43597879832 2.18476343975662 0 0
 444.78038308923 1.24806101088762 0 0
 448.12498955776 1.17132949331468 0 0
 451.46978775125 1.19798953807786 0 0
 454.81476721704 1.20087751996008 0 0
 458.15991750247 1.19232999814825 0 0
 461.50522815488 1.16486214415338 0 0
 464.85068872161 1.11490613613912 0 0
 468.19628875 1.06716579582086 0 0
 471.54201778739 1.01590247992593 0 0
 474.88786538112 0.967470597455615 0 0
 478.23382107853 1.12243106730946 0 0
 481.57987442696 1.91024829723429 0 0
 484.92601497375 3.21765539523516 0 0
 488.27223226624 4.02721704619937 0 0
 491.61851585177 3.73588153245329 0 0
 494.96485527768 2.89112526001267 0 0
 498.31124009131 1.95748334710267 0 0
 501.65765984 1.16945914983393 0 0
 505.00410407109 0.702796048123399 0 0
 508.35056233192 0.509957954656254 0 0
 511.69702416983 0.440939067523024 0 0
 515.04347913216 0.412707977000855 0 0
 518.38991676625 0.385234484533188 0 0
 521.73632661944 0.358313952844883 0 0
 525.08269823907 0.357171604798476 0 0
 528.42902117248 0.430999722268236 0 0
 531.77528496701 0.707798469061366 0 0
 535.12147917 2.01675076464182 0 0
 538.46759332879 6.68292017098583 0 0
 541.81361699072 13.1979041277043 0 0
 545.15953970313 15.0850965850334 0 0
 548.50535101336 10.8748235423894 0 0
 551.85104046875 5.841355505444 0 0
 555.19659761664 2.93007695222911 0 0
 558.54201200437 1.50416090646704 0 0
 561.88727317928 1.03269955277562 0 0
 565.23237068871 0.922395604374579 0 0
 568.57729408 0.951432017381551 0 0
 571.92203290049 1.24976702462327 0 0
 575.26657669752 2.06615395919467 0 0
 578.61091501843 3.32074633708369 0 0
 581.95503741056 4.59806670212133 0 0
 585.29893342125 5.36464020238906 0 0
 588.64259259784 5.21047227257598 0 0
 591.98600448767 4.29294700919002 0 0
 595.32915863808 3.38505208625801 0 0
 598.67204459641 2.74118078133264 0 0
 602.01465191 2.68348196721843 0 0
 605.35697012619 5.4170021357048 0 0
 608.69898879232 11.5810634982205 0 0
 612.04069745573 14.3085007590887 0 0
 615.38208566376 11.8401956586429 0 0
 618.72314296375 8.12142613536335 0 0
 622.06385890304 5.55923579631444 0 0
 625.40422302897 4.29099130942487 0 0
 628.74422488888 3.69976715405509 0 0
 632.08385403011 3.05930674104675 0 0
 635.4231 2.08183778788175 0 0
 638.76195234589 1.25243576981901 0 0
 642.10040061512 0.910931173099068 0 0
 645.43843435503 0.878282537602464 0 0
 648.77604311296 0.977956841330012 0 0
 652.11321643625 1.01419114652122 0 0
 655.44994387224 0.850392140785939 0 0
 658.78621496827 0.699400047431434 0 0
 662.12201927168 0.698626568394505 0 0
 665.45734632981 0.673066209099166 0 0
 668.79218569 0.579546549070569 0 0
 672.12652689959 0.491558230576226 0 0
 675.46035950592 0.458829912764636 0 0
 678.79367305633 0.466086261471858 0 0
 682.12645709816 0.476102395837246 0 0
 685.45870117875 0.520270074892674 0 0
 688.79039484544 0.548042817153398 0 0
 692.12152764557 0.462761262801577 0 0
 695.45208912648 0.34869536320199 0 0
 698.78206883551 0.328669001619672 0 0
 702.11145632 0.663639796033379 0 0
 705.44024112729 1.2797449677308 0 0
 708.76841280472 1.62860783391725 0 0
 712.09596089963 1.30462924532296 0 0
 715.42287495936 0.689163319680983 0 0
 718.74914453125 0.251739752364168 0 0
 722.07475916264 0.132688308075995 0 0
 725.39970840087 0.0976682969349053 0 0
 728.72398179328 0.0703410514916669 0 0
 732.04756888721 0.0673494623626061 0 0
 735.37045923 0.075733477413224 0 0
 738.69264236899 0.0814733704253361 0 0
 742.01410785152 0.0826232142376654 0 0
 745.33484522493 0.0850247643468079 0 0
 748.65484403656 0.0763775243938316 0 0
 751.97409383375 0.0531124237725683 0 0
 755.29258416384 0.0442269079460651 0 0
 758.61030457417 0.0591796820185283 0 0
 761.92724461208 0.0505794679603885 0 0
 765.24339382491 0.0529879268285102 0 0
 768.55874176 0.059406683161443 0 0
 771.87327796469 0.0479264044856724 0 0
 775.18699198632 0.0358984444588758 0 0
 778.49987337223 0.0380757996040357 0 0
 781.81191166976 0.0280012682924311 0 0
 785.12309642625 0.00752356556449587 0 0
 788.43341718904 0.0140398430621863 0 0
 791.74286350547 0.0329310530762649 0 0
 795.05142492288 0.0336840917735956 0 0
 798.35909098861 0.0212279507182508 0 0
 801.66585125 0.0567053338563136 0 0
 804.97169525439 0.0521829658944595 0 0
 808.27661254912 0.0655584011312526 0 0
 811.58059268153 0.0750574869807177 0 0
 814.88362519896 0.0656943801080208 0 0
 818.18569964875 0.027545368625812 0 0
 821.48680557824 -0.00357472091737225 0 0
 824.78693253477 0.0265453485448835 0 0
 828.08607006568 0.00905520521811635 0 0
 831.38420771831 -0.0146009717297325 0 0
 834.68133504 0.0212896330680688 0 0
 837.97744157809 0.0536729040028328 0 0
 841.27251687992 0.0322586263754134 0 0
 844.56655049283 0.0239145492430474 0 0
 847.85953196416 0.058676182314059 0 0
 851.15145084125 0.0141054894023884 0 0
 854.44229667144 -0.0109061807539465 0 0
 857.73205900207 0.00586971319116218 0 0
 861.02072738048 0.0442988650316112 0 0
 864.30829135401 -0.0279173058467961 0 0
 867.59474047 -0.0344314577690017 0 0
 870.88006427579 0.0433953333344174 0 0
 874.16425231872 0.00918798744511163 0 0
 877.44729414613 -0.0268668783167336 0 0
 880.72917930536 0.0218473902866436 0 0
 884.00989734375 0.0227607957419119 0 0
 887.28943780864 -0.0231556536250046 0 0
 890.56779024737 -0.0165695138854459 0 0
 893.84494420728 0.0479239223635768 0 0
 897.12088923571 -0.0149765480070468 0 0
 900.39561488 -0.0485031511039362 0 0
 903.66911068749 0.0824146969605886 0 0
 906.94136620552 0.0347269544561397 0 0
 910.21237098143 -0.0264625472702274 0 0
 913.48211456256 0.0453712638195975 0 0
 916.75058649625 0.0303835136856897 0 0
 920.01777632984 -0.00256368374673336 0 0
 923.28367361067 -0.0965781598380416 0 0
 926.54826788608 0.0419774917331575 0 0
 929.81154870341 0.0685775397354558 0 0
 933.07350561 -0.0890258444674758 0 0
 936.33412815319 0.023682192994771 0 0
 939.59340588032 0.126550443193613 0 0
 942.85132833873 -0.0274507202371855 0 0
 946.10788507576 -0.0266366658307728 0 0
 949.36306563875 0.0672292789083287 0 0
 952.61685957504 0.103095258927062 0 0
 955.86925643197 0 0 0
 959.12024575688 0 0 0
 962.36981709711 0 0 0
 965.61796 0 0 0
 968.86466401289 0 0 0
 972.10991868312 0 0 0
 975.35371355803 0 0 0
 978.59603818496 0 0 0
 981.83688211125 0 0 0
 985.07623488424 0 0 0
 988.31408605127 0 0 0
 991.55042515968 0 0 0
 994.78524175681 0 0 0
 998.01852539 0 0 0
 1001.25026560659 0 0 0
 1004.48045195392 0 0 0
 1007.70907397933 0 0 0
 1010.93612123016 0 0 0
 1014.16158325375 0 0 0
 1017.38544959744 0 0 0
 1020.60770980857 0 0 0
 1023.82835343448 0 0 0
 1027.04737002251 0 0 0
 1030.26474912 0 0 0
 1033.48048027429 0 0 0
 1036.69455303272 0 0 0
 1039.90695694263 0 0 0
 1043.11768155136 0 0 0
 1046.32671640625 0 0 0
 1049.53405105464 0 0 0
 1052.73967504387 0 0 0
 1055.94357792128 0 0 0
 1059.14574923421 0 0 0
 1062.34617853 0 0 0
 1065.54485535599 0 0 0
 1068.74176925952 0 0 0
 1071.93690978793 0 0 0
 1075.13026648856 0 0 0
 1078.32182890875 0 0 0
 1081.51158659584 0 0 0
 1084.69952909717 0 0 0
 1087.88564596008 0 0 0
 1091.06992673191 0 0 0
 1094.25236096 0 0 0
 1097.43293819169 0 0 0
 1100.61164797432 0 0 0
 1103.78847985523 0 0 0
 1106.96342338176 0 0 0
 1110.13646810125 0 0 0
 1113.30760356104 0 0 0
 1116.47681930847 0 0 0
 1119.64410489088 0 0 0
 1122.80944985561 0 0 0
 1125.97284375 0 0 0
 1129.13427612139 0 0 0
 1132.29373651712 0 0 0
 1135.45121448453 0 0 0
 1138.60669957096 0 0 0
 1141.76018132375 0 0 0
 1144.91164929024 0 0 0
[END] of [DATA]
[END] of [Spectrum]



[SAMIP]
Version            = 1
IDData             = 95A7_2019-07-16_12-50-44_000_018
IDDevice           = SAMIP_50DB
IDDataType         = SAMIP
IDDataTypeSub1     = CALIBRATED
IDDataTypeSub2     = 
IDDataTypeSub3     = 
DateTime           = 2019-07-16 12:50:44
PositionLatitude   = 0
PositionLongitude  = 0
Comment            = 
CommentSub1        = 
CommentSub2        = 
CommentSub3        = 
IDMethodType       = SAMIP Control
MethodName         = SAMIP_50DB
Mission            = No Mission
MissionSub         = 1
RecordType         = 0
[Attributes]
IDDataIncl = 95A7_2019-07-16_12-50-44_000_013
IDDataPress = 95A7_2019-07-16_12-50-44_000_014
IDDataSAM = 95A7_2019-07-16_12-50-44_000_017
p999 = 1
[END] of [Attributes]
[DATA]

[END] of [DATA]
[END] of [SAMIP]



[SAMIP]
Version            = 1
IDData             = 95A7_2019-07-16_13-27-31_000_010
IDDevice           = SAMIP_50DB
IDDataType         = SAMIP
IDDataTypeSub1     = RAW
IDDataTypeSub2     = 
IDDataTypeSub3     = 
DateTime           = 2019-07-16 13:27:31
PositionLatitude   = 0
PositionLongitude  = 0
Comment            = 
CommentSub1        = 
CommentSub2        = 
CommentSub3        = 
IDMethodType       = SAMIP Control
MethodName         = SAMIP_50DB
Mission            = No Mission
MissionSub         = 1
RecordType         = 0
[Attributes]
IDDataIncl = 95A7_2019-07-16_13-27-31_000_007
IDDataPress = 95A7_2019-07-16_13-27-31_000_008
IDDataSAM = 95A7_2019-07-16_13-27-31_000_009
p999 = 1
[END] of [Attributes]
[DATA]

[END] of [DATA]
[END] of [SAMIP]



[Spectrum]
Version            = 1
IDData             = 95A7_2019-07-16_13-27-31_000_009
IDDevice           = SAM_8581
IDDataType         = SPECTRUM
IDDataTypeSub1     = RAW
IDDataTypeSub2     = 
IDDataTypeSub3     = 
DateTime           = 2019-07-16 13:27:31
PositionLatitude   = 0
PositionLongitude  = 0
Comment            = 
CommentSub1        = 
CommentSub2        = 
CommentSub3        = 
IDMethodType       = SAMIP Control
MethodName         = SAMIP_50DB
Mission            = No Mission
MissionSub         = 1
RecordType         = 0
[Attributes]
CalFactor = 1
IDBasisSpec = 
IDDataBack = DLAB_2018-04-12_13-21-41_161_456
IDDataCal = DLAB_2018-04-13_10-50-24_513_420
InclV = 10.7100930532768
InclValid = 1
InclX = 9.1
InclY = 5.6
IntegrationTime = 1024
P31 = -1
P31e = 0
PathLength = +INF
PathLengthCustomOn = 0
PressValid = 1
Pressure = 0.00765709668976511
RAWDynamic = 65535
Salinity = 0
Temperature = -NAN
Unit1 = $05 $00 Pixel 
Unit2 = $03 $05 Intensity counts
Unit3 = $f0 $05 Error counts
Unit4 = $f1 $00 Status 
p999 = 1
[END] of [Attributes]
[DATA]
 0 9 0 0
 1 1227 0 0
 2 1217 0 0
 3 1202 0 0
 4 1227 0 0
 5 1233 0 0
 6 1224 0 0
 7 1212 0 0
 8 1217 0 0
 9 1228 0 0
 10 1216 0 0
 11 1218 0 0
 12 1238 0 0
 13 1218 0 0
 14 1225 0 0
 15 1226 0 0
 16 1239 0 0
 17 1260 0 0
 18 1278 0 0
 19 1277 0 0
 20 1250 0 0
 21 1246 0 0
 22 1284 0 0
 23 1286 0 0
 24 1284 0 0
 25 1290 0 0
 26 1316 0 0
 27 1324 0 0
 28 1488 0 0
 29 2674 0 0
 30 3463 0 0
 31 2974 0 0
 32 2066 0 0
 33 2005 0 0
 34 2196 0 0
 35 2460 0 0
 36 2812 0 0
 37 3653 0 0
 38 10620 0 0
 39 18787 0 0
 40 17552 0 0
 41 8119 0 0
 42 4984 0 0
 43 4643 0 0
 44 4636 0 0
 45 4583 0 0
 46 4477 0 0
 47 4362 0 0
 48 4226 0 0
 49 4057 0 0
 50 3940 0 0
 51 3870 0 0
 52 4259 0 0
 53 6316 0 0
 54 9735 0 0
 55 11892 0 0
 56 11192 0 0
 57 9043 0 0
 58 6670 0 0
 59 4619 0 0
 60 3340 0 0
 61 2866 0 0
 62 2725 0 0
 63 2654 0 0
 64 2609 0 0
 65 2584 0 0
 66 2627 0 0
 67 2898 0 0
 68 3901 0 0
 69 8482 0 0
 70 24592 0 0
 71 46917 0 0
 72 53004 0 0
 73 38275 0 0
 74 21003 0 0
 75 11267 0 0
 76 6594 0 0
 77 5052 0 0
 78 4669 0 0
 79 4750 0 0
 80 5539 0 0
 81 7722 0 0
 82 10995 0 0
 83 14045 0 0
 84 15599 0 0
 85 14880 0 0
 86 12354 0 0
 87 9907 0 0
 88 8159 0 0
 89 7838 0 0
 90 13746 0 0
 91 26888 0 0
 92 32602 0 0
 93 27246 0 0
 94 19153 0 0
 95 13547 0 0
 96 10749 0 0
 97 9363 0 0
 98 7846 0 0
 99 5722 0 0
 100 3982 0 0
 101 3191 0 0
 102 3065 0 0
 103 3266 0 0
 104 3278 0 0
 105 2915 0 0
 106 2649 0 0
 107 2634 0 0
 108 2560 0 0
 109 2328 0 0
 110 2175 0 0
 111 2096 0 0
 112 2042 0 0
 113 2063 0 0
 114 2121 0 0
 115 2143 0 0
 116 1995 0 0
 117 1812 0 0
 118 1777 0 0
 119 2328 0 0
 120 3387 0 0
 121 4011 0 0
 122 3435 0 0
 123 2389 0 0
 124 1684 0 0
 125 1441 0 0
 126 1379 0 0
 127 1354 0 0
 128 1346 0 0
 129 1344 0 0
 130 1334 0 0
 131 1361 0 0
 132 1351 0 0
 133 1322 0 0
 134 1311 0 0
 135 1295 0 0
 136 1287 0 0
 137 1292 0 0
 138 1295 0 0
 139 1294 0 0
 140 1274 0 0
 141 1254 0 0
 142 1247 0 0
 143 1234 0 0
 144 1229 0 0
 145 1235 0 0
 146 1250 0 0
 147 1254 0 0
 148 1264 0 0
 149 1275 0 0
 150 1268 0 0
 151 1282 0 0
 152 1314 0 0
 153 1278 0 0
 154 1232 0 0
 155 1233 0 0
 156 1245 0 0
 157 1233 0 0
 158 1216 0 0
 159 1231 0 0
 160 1256 0 0
 161 1247 0 0
 162 1241 0 0
 163 1246 0 0
 164 1233 0 0
 165 1219 0 0
 166 1217 0 0
 167 1223 0 0
 168 1223 0 0
 169 1208 0 0
 170 1230 0 0
 171 1221 0 0
 172 1199 0 0
 173 1226 0 0
 174 1220 0 0
 175 1208 0 0
 176 1216 0 0
 177 1219 0 0
 178 1212 0 0
 179 1198 0 0
 180 1219 0 0
 181 1229 0 0
 182 1210 0 0
 183 1219 0 0
 184 1230 0 0
 185 1217 0 0
 186 1206 0 0
 187 1214 0 0
 188 1225 0 0
 189 1210 0 0
 190 1206 0 0
 191 1226 0 0
 192 1218 0 0
 193 1210 0 0
 194 1224 0 0
 195 1212 0 0
 196 1214 0 0
 197 1219 0 0
 198 1216 0 0
 199 1220 0 0
 200 1209 0 0
 201 1221 0 0
 202 1226 0 0
 203 1203 0 0
 204 1218 0 0
 205 1226 0 0
 206 1215 0 0
 207 1210 0 0
 208 1208 0 0
 209 1220 0 0
 210 1208 0 0
 211 1208 0 0
 212 1226 0 0
 213 1219 0 0
 214 1217 0 0
 215 1219 0 0
 216 1213 0 0
 217 1206 0 0
 218 1210 0 0
 219 1212 0 0
 220 1211 0 0
 221 1200 0 0
 222 1218 0 0
 223 1213 0 0
 224 1196 0 0
 225 1204 0 0
 226 1215 0 0
 227 1200 0 0
 228 1201 0 0
 229 1222 0 0
 230 1213 0 0
 231 1199 0 0
 232 1207 0 0
 233 1219 0 0
 234 1202 0 0
 235 1200 0 0
 236 1228 0 0
 237 1208 0 0
 238 1205 0 0
 239 1210 0 0
 240 1219 0 0
 241 1209 0 0
 242 1204 0 0
 243 1217 0 0
 244 1200 0 0
 245 1197 0 0
 246 1210 0 0
 247 1208 0 0
 248 1198 0 0
 249 1207 0 0
 250 1222 0 0
 251 1208 0 0
 252 1202 0 0
 253 1216 0 0
 254 1215 0 0
 255 1210 0 0
[END] of [DATA]
[END] of [Spectrum]



[Pressure]
Version            = 1
IDData             = 95A7_2019-07-16_13-27-31_000_008
IDDevice           = IP_c10e
IDDataType         = Pressure
IDDataTypeSub1     = Calibrated
IDDataTypeSub2     = 
IDDataTypeSub3     = 
DateTime           = 2019-07-16 13:27:31
PositionLatitude   = 0
PositionLongitude  = 0
Comment            = 
CommentSub1        = 
CommentSub2        = 
CommentSub3        = 
IDMethodType       = SAMIP Control
MethodName         = SAMIP_50DB
Mission            = 
MissionSub         = 0
RecordType         = 0
[DATA]
0.00765709668976511
[END] of [DATA]
[END] of [Pressure]



[Inclination]
Version            = 1
IDData             = 95A7_2019-07-16_13-27-31_000_007
IDDevice           = IP_c10e
IDDataType         = Inclination
IDDataTypeSub1     = Calibrated
IDDataTypeSub2     = 
IDDataTypeSub3     = 
DateTime           = 2019-07-16 13:27:31
PositionLatitude   = 0
PositionLongitude  = 0
Comment            = 
CommentSub1        = 
CommentSub2        = 
CommentSub3        = 
IDMethodType       = SAMIP Control
MethodName         = SAMIP_50DB
Mission            = No Mission
MissionSub         = 1
RecordType         = 0
[DATA]
9.1 5.6 10.7100930532768
[END] of [DATA]
[END] of [Inclination]



[Spectrum]
Version            = 1
IDData             = 95A7_2019-07-16_13-27-31_000_011
IDDevice           = SAM_8581
IDDataType         = SPECTRUM
IDDataTypeSub1     = CALIBRATED
IDDataTypeSub2     = 
IDDataTypeSub3     = 
DateTime           = 2019-07-16 13:27:31
PositionLatitude   = 0
PositionLongitude  = 0
Comment            = 
CommentSub1        = 
CommentSub2        = 
CommentSub3        = 
IDMethodType       = SAMIP Control
MethodName         = SAMIP_50DB
Mission            = No Mission
MissionSub         = 1
RecordType         = 0
[Attributes]
CalFactor = 1
IDBasisSpec = 
IDDataBack = DLAB_2018-04-12_13-21-41_161_456
IDDataCal = DLAB_2018-04-13_10-50-24_513_420
InclV = 10.7100930532768
InclValid = 1
InclX = 9.1
InclY = 5.6
IntegrationTime = 1024
P31 = -1
P31e = 0
PathLength = +INF
PathLengthCustomOn = 0
PressValid = 1
Pressure = 0.00765709668976511
RAWDynamic = 65535
Salinity = 0
Temperature = -NAN
Unit1 = $01 $01 Wavelength nm
Unit2 = $03 $06 Intensity mW/(m^2 nm)
Unit3 = $f0 $06 Error mW/(m^2 nm)
Unit4 = $f1 $00 Status 
p999 = 1
[END] of [Attributes]
[DATA]
 0 9 0 0
 307.94558934712 0 0 0
 311.27333535203 0 0 0
 314.60170164096 0 0 0
 317.93067776125 0.0589234994906479 0 0
 321.26025326024 0.0682096655314411 0 0
 324.59041768527 0.0390871919180553 0 0
 327.92116058368 0.0122799351863883 0 0
 331.25247150281 0.0172886139138485 0 0
 334.58433999 0.0301877295209401 0 0
 337.91675559259 0.00934370091073201 0 0
 341.24970785792 0.0132781521611444 0 0
 344.58318633333 0.0264461988818396 0 0
 347.91718056616 0.0110274382189925 0 0
 351.25168010375 0.0144604448785791 0 0
 354.58667449344 0.0154848701841672 0 0
 357.92215328257 0.0209043132998524 0 0
 361.25810601848 0.0371704584399839 0 0
 364.59452224851 0.0483378703611099 0 0
 367.93139152 0.0519949082269057 0 0
 371.26870338029 0.0322735123396624 0 0
 374.60644737672 0.0336784907990331 0 0
 377.94461305663 0.056683875809725 0 0
 381.28318996736 0.059909635419549 0 0
 384.62216765625 0.0562764050432892 0 0
 387.96153567064 0.0594116778434942 0 0
 391.30128355787 0.0716951218932691 0 0
 394.64140086528 0.0738310225734878 0 0
 397.98187714021 0.164798030936704 0 0
 401.32270193 0.798365892626407 0 0
 404.66386478199 1.14411721471804 0 0
 408.00535524352 0.834807672687718 0 0
 411.34716286193 0.37935312623521 0 0
 414.68927718456 0.332446478605473 0 0
 418.03168775875 0.390126010555024 0 0
 421.37438413184 0.472108499500276 0 0
 424.71735585117 0.585500440615257 0 0
 428.06059246408 0.876652937341211 0 0
 431.40408351791 3.33999438014544 0 0
 434.74781856 6.24381900368512 0 0
 438.09178713769 5.85963953151399 0 0
 441.43597879832 2.51851146829613 0 0
 444.78038308923 1.40393708522874 0 0
 448.12498955776 1.31072083425577 0 0
 451.46978775125 1.34017851201849 0 0
 454.81476721704 1.35409913186136 0 0
 458.15991750247 1.33941479135117 0 0
 461.50522815488 1.31483019177782 0 0
 464.85068872161 1.27039266319556 0 0
 468.19628875 1.20770380713291 0 0
 471.54201778739 1.15615274541254 0 0
 474.88786538112 1.12098517176049 0 0
 478.23382107853 1.27494662706937 0 0
 481.57987442696 2.12226212296091 0 0
 484.92601497375 3.52815745965306 0 0
 488.27223226624 4.40357980136025 0 0
 491.61851585177 4.08293915506372 0 0
 494.96485527768 3.17256379154389 0 0
 498.31124009131 2.17769427867101 0 0
 501.65765984 1.33523417182147 0 0
 505.00410407109 0.815934156958507 0 0
 508.35056233192 0.619464989443064 0 0
 511.69702416983 0.552049783552323 0 0
 515.04347913216 0.512990136164018 0 0
 518.38991676625 0.483279705287102 0 0
 521.73632661944 0.463808460166034 0 0
 525.08269823907 0.466480629503561 0 0
 528.42902117248 0.546017096849602 0 0
 531.77528496701 0.853517175343039 0 0
 535.12147917 2.28101878387086 0 0
 538.46759332879 7.29375726608196 0 0
 541.81361699072 14.2892688579545 0 0
 545.15953970313 16.3453903103137 0 0
 548.50535101336 11.8912993069225 0 0
 551.85104046875 6.47606206132656 0 0
 555.19659761664 3.36777658889105 0 0
 558.54201200437 1.84871647144365 0 0
 561.88727317928 1.35373564040087 0 0
 565.23237068871 1.25141376488762 0 0
 568.57729408 1.31586182041669 0 0
 571.92203290049 1.64983447661872 0 0
 575.26657669752 2.54566139657308 0 0
 578.61091501843 3.92090690595595 0 0
 581.95503741056 5.27237812357236 0 0
 585.29893342125 6.05352893563581 0 0
 588.64259259784 5.88527457346622 0 0
 591.98600448767 4.90677104354549 0 0
 595.32915863808 3.92273371810693 0 0
 598.67204459641 3.21450429285809 0 0
 602.01465191 3.14716111965016 0 0
 605.35697012619 6.09319907897386 0 0
 608.69898879232 12.6479050958436 0 0
 612.04069745573 15.5320969345763 0 0
 615.38208566376 12.890737174292 0 0
 618.72314296375 8.88146517950299 0 0
 622.06385890304 6.12363982680673 0 0
 625.40422302897 4.76852242960086 0 0
 628.74422488888 4.12350060649917 0 0
 632.08385403011 3.41060088520253 0 0
 635.4231 2.36281014965444 0 0
 638.76195234589 1.47809883752823 0 0
 642.10040061512 1.07468546661074 0 0
 645.43843435503 1.02195587940474 0 0
 648.77604311296 1.14592915641273 0 0
 652.11321643625 1.16177795315886 0 0
 655.44994387224 0.963323755024819 0 0
 658.78621496827 0.811423700619316 0 0
 662.12201927168 0.805936615341723 0 0
 665.45734632981 0.773250981861234 0 0
 668.79218569 0.651657240508927 0 0
 672.12652689959 0.570353270360874 0 0
 675.46035950592 0.532641759645723 0 0
 678.79367305633 0.511763581802788 0 0
 682.12645709816 0.53799301472113 0 0
 685.45870117875 0.585381207072423 0 0
 688.79039484544 0.608230491070667 0 0
 692.12152764557 0.514846407649748 0 0
 695.45208912648 0.3948620608339 0 0
 698.78206883551 0.370531395556522 0 0
 702.11145632 0.722766711115585 0 0
 705.44024112729 1.3889891557918 0 0
 708.76841280472 1.77001431520566 0 0
 712.09596089963 1.39837003477767 0 0
 715.42287495936 0.741812385462518 0 0
 718.74914453125 0.298900093948043 0 0
 722.07475916264 0.148002035697488 0 0
 725.39970840087 0.107139064069269 0 0
 728.72398179328 0.0931135109489313 0 0
 732.04756888721 0.08920670712325 0 0
 735.37045923 0.0908450535915048 0 0
 738.69264236899 0.083440775601896 0 0
 742.01410785152 0.105243619026614 0 0
 745.33484522493 0.0963969353824963 0 0
 748.65484403656 0.078682056667345 0 0
 751.97409383375 0.0705828401973975 0 0
 755.29258416384 0.0603946079535092 0 0
 758.61030457417 0.0564056182374758 0 0
 761.92724461208 0.061087373800983 0 0
 765.24339382491 0.0641908059280116 0 0
 768.55874176 0.0649938565575154 0 0
 771.87327796469 0.049906613099235 0 0
 775.18699198632 0.0357496057235564 0 0
 778.49987337223 0.0310168454003573 0 0
 781.81191166976 0.0197160783368977 0 0
 785.12309642625 0.017297073283068 0 0
 788.43341718904 0.0236321965490897 0 0
 791.74286350547 0.0352822895970995 0 0
 795.05142492288 0.0418727164791031 0 0
 798.35909098861 0.0511831359396771 0 0
 801.66585125 0.0694840022990458 0 0
 804.97169525439 0.0627729527535968 0 0
 808.27661254912 0.082203178306928 0 0
 811.58059268153 0.120534618160696 0 0
 814.88362519896 0.0879077223550617 0 0
 818.18569964875 0.0284621827110564 0 0
 821.48680557824 0.0313848951321395 0 0
 824.78693253477 0.048280695940405 0 0
 828.08607006568 0.0357077930558342 0 0
 831.38420771831 0.00895845739386829 0 0
 834.68133504 0.0299664329758241 0 0
 837.97744157809 0.0778482497103494 0 0
 841.27251687992 0.0622812429485237 0 0
 844.56655049283 0.0535214966106236 0 0
 847.85953196416 0.0708475829204442 0 0
 851.15145084125 0.0426158594150768 0 0
 854.44229667144 0.0262809895580481 0 0
 857.73205900207 0.0176393332933064 0 0
 861.02072738048 0.030733957174256 0 0
 864.30829135401 0.0268383687261943 0 0
 867.59474047 0.0047047154212848 0 0
 870.88006427579 0.0470414333063056 0 0
 874.16425231872 0.0340714712150899 0 0
 877.44729414613 -0.0288628135255369 0 0
 880.72917930536 0.0552271601542636 0 0
 884.00989734375 0.0274142762696157 0 0
 887.28943780864 0.00133131022160683 0 0
 890.56779024737 0.0205028974945313 0 0
 893.84494420728 0.0311744151091477 0 0
 897.12088923571 0.00669718001162511 0 0
 900.39561488 -0.0372913068253949 0 0
 903.66911068749 0.0342004331080797 0 0
 906.94136620552 0.0875133481556996 0 0
 910.21237098143 0.000745352916490188 0 0
 913.48211456256 0.0446376689267969 0 0
 916.75058649625 0.0912237509663519 0 0
 920.01777632984 0.040440493450347 0 0
 923.28367361067 -0.00660507743881899 0 0
 926.54826788608 0.0382026072763241 0 0
 929.81154870341 0.074404301508203 0 0
 933.07350561 0.00961400992753615 0 0
 936.33412815319 -0.0156588345001035 0 0
 939.59340588032 0.108390210001207 0 0
 942.85132833873 0.0706887358551102 0 0
 946.10788507576 0.0153906138281402 0 0
 949.36306563875 0.114182641243698 0 0
 952.61685957504 0.0450177101288971 0 0
 955.86925643197 0 0 0
 959.12024575688 0 0 0
 962.36981709711 0 0 0
 965.61796 0 0 0
 968.86466401289 0 0 0
 972.10991868312 0 0 0
 975.35371355803 0 0 0
 978.59603818496 0 0 0
 981.83688211125 0 0 0
 985.07623488424 0 0 0
 988.31408605127 0 0 0
 991.55042515968 0 0 0
 994.78524175681 0 0 0
 998.01852539 0 0 0
 1001.25026560659 0 0 0
 1004.48045195392 0 0 0
 1007.70907397933 0 0 0
 1010.93612123016 0 0 0
 1014.16158325375 0 0 0
 1017.38544959744 0 0 0
 1020.60770980857 0 0 0
 1023.82835343448 0 0 0
 1027.04737002251 0 0 0
 1030.26474912 0 0 0
 1033.48048027429 0 0 0
 1036.69455303272 0 0 0
 1039.90695694263 0 0 0
 1043.11768155136 0 0 0
 1046.32671640625 0 0 0
 1049.53405105464 0 0 0
 1052.73967504387 0 0 0
 1055.94357792128 0 0 0
 1059.14574923421 0 0 0
 1062.34617853 0 0 0
 1065.54485535599 0 0 0
 1068.74176925952 0 0 0
 1071.93690978793 0 0 0
 1075.13026648856 0 0 0
 1078.32182890875 0 0 0
 1081.51158659584 0 0 0
 1084.69952909717 0 0 0
 1087.88564596008 0 0 0
 1091.06992673191 0 0 0
 1094.25236096 0 0 0
 1097.43293819169 0 0 0
 1100.61164797432 0 0 0
 1103.78847985523 0 0 0
 1106.96342338176 0 0 0
 1110.13646810125 0 0 0
 1113.30760356104 0 0 0
 1116.47681930847 0 0 0
 1119.64410489088 0 0 0
 1122.80944985561 0 0 0
 1125.97284375 0 0 0
 1129.13427612139 0 0 0
 1132.29373651712 0 0 0
 1135.45121448453 0 0 0
 1138.60669957096 0 0 0
 1141.76018132375 0 0 0
 1144.91164929024 0 0 0
[END] of [DATA]
[END] of [Spectrum]



[SAMIP]
Version            = 1
IDData             = 95A7_2019-07-16_13-27-31_000_012
IDDevice           = SAMIP_50DB
IDDataType         = SAMIP
IDDataTypeSub1     = CALIBRATED
IDDataTypeSub2     = 
IDDataTypeSub3     = 
DateTime           = 2019-07-16 13:27:31
PositionLatitude   = 0
PositionLongitude  = 0
Comment            = 
CommentSub1        = 
CommentSub2        = 
CommentSub3        = 
IDMethodType       = SAMIP Control
MethodName         = SAMIP_50DB
Mission            = No Mission
MissionSub         = 1
RecordType         = 0
[Attributes]
IDDataIncl = 95A7_2019-07-16_13-27-31_000_007
IDDataPress = 95A7_2019-07-16_13-27-31_000_008
IDDataSAM = 95A7_2019-07-16_13-27-31_000_011
p999 = 1
[END] of [Attributes]
[DATA]

[END] of [DATA]
[END] of [SAMIP]



[SAMIP]
Version            = 1
IDData             = 95A7_2019-07-16_13-28-12_000_016
IDDevice           = SAMIP_50DB
IDDataType         = SAMIP
IDDataTypeSub1     = RAW
IDDataTypeSub2     = 
IDDataTypeSub3     = 
DateTime           = 2019-07-16 13:28:12
PositionLatitude   = 0
PositionLongitude  = 0
Comment            = 
CommentSub1        = 
CommentSub2        = 
CommentSub3        = 
IDMethodType       = SAMIP Control
MethodName         = SAMIP_50DB
Mission            = No Mission
MissionSub         = 1
RecordType         = 0
[Attributes]
IDDataIncl = 95A7_2019-07-16_13-28-12_000_013
IDDataPress = 95A7_2019-07-16_13-28-12_000_014
IDDataSAM = 95A7_2019-07-16_13-28-12_000_015
p999 = 1
[END] of [Attributes]
[DATA]

[END] of [DATA]
[END] of [SAMIP]



[Spectrum]
Version            = 1
IDData             = 95A7_2019-07-16_13-28-12_000_015
IDDevice           = SAM_8581
IDDataType         = SPECTRUM
IDDataTypeSub1     = RAW
IDDataTypeSub2     = 
IDDataTypeSub3     = 
DateTime           = 2019-07-16 13:28:12
PositionLatitude   = 0
PositionLongitude  = 0
Comment            = 
CommentSub1        = 
CommentSub2        = 
CommentSub3        = 
IDMethodType       = SAMIP Control
MethodName         = SAMIP_50DB
Mission            = No Mission
MissionSub         = 1
RecordType         = 0
[Attributes]
CalFactor = 1
IDBasisSpec = 
IDDataBack = DLAB_2018-04-12_13-21-41_161_456
IDDataCal = DLAB_2018-04-13_10-52-35_723_455
InclV = 13.3598925483782
InclValid = 1
InclX = 12.25
InclY = 5.25
IntegrationTime = 1024
P31 = -1
P31e = 0
PathLength = +INF
PathLengthCustomOn = 0
PressValid = 1
Pressure = 0.00294328843515268
RAWDynamic = 65535
Salinity = 0
Temperature = -NAN
Unit1 = $05 $00 Pixel 
Unit2 = $03 $05 Intensity counts
Unit3 = $f0 $05 Error counts
Unit4 = $f1 $00 Status 
p999 = 1
[END] of [Attributes]
[DATA]
 0 9 0 0
 1 1245 0 0
 2 1236 0 0
 3 1220 0 0
 4 1229 0 0
 5 1240 0 0
 6 1232 0 0
 7 1217 0 0
 8 1235 0 0
 9 1244 0 0
 10 1228 0 0
 11 1230 0 0
 12 1244 0 0
 13 1226 0 0
 14 1233 0 0
 15 1241 0 0
 16 1246 0 0
 17 1262 0 0
 18 1292 0 0
 19 1294 0 0
 20 1256 0 0
 21 1249 0 0
 22 1297 0 0
 23 1290 0 0
 24 1281 0 0
 25 1300 0 0
 26 1313 0 0
 27 1324 0 0
 28 1464 0 0
 29 2489 0 0
 30 3172 0 0
 31 2737 0 0
 32 1962 0 0
 33 1910 0 0
 34 2071 0 0
 35 2310 0 0
 36 2627 0 0
 37 3341 0 0
 38 9325 0 0
 39 16367 0 0
 40 15298 0 0
 41 7192 0 0
 42 4519 0 0
 43 4236 0 0
 44 4215 0 0
 45 4155 0 0
 46 4093 0 0
 47 3975 0 0
 48 3844 0 0
 49 3712 0 0
 50 3613 0 0
 51 3532 0 0
 52 3883 0 0
 53 5702 0 0
 54 8719 0 0
 55 10611 0 0
 56 10021 0 0
 57 8108 0 0
 58 6002 0 0
 59 4200 0 0
 60 3091 0 0
 61 2649 0 0
 62 2498 0 0
 63 2478 0 0
 64 2434 0 0
 65 2378 0 0
 66 2430 0 0
 67 2685 0 0
 68 3554 0 0
 69 7585 0 0
 70 21856 0 0
 71 41622 0 0
 72 46988 0 0
 73 33913 0 0
 74 18658 0 0
 75 10020 0 0
 76 5868 0 0
 77 4506 0 0
 78 4164 0 0
 79 4205 0 0
 80 4917 0 0
 81 6849 0 0
 82 9726 0 0
 83 12441 0 0
 84 13859 0 0
 85 13228 0 0
 86 10961 0 0
 87 8819 0 0
 88 7298 0 0
 89 6995 0 0
 90 12235 0 0
 91 23916 0 0
 92 28995 0 0
 93 24224 0 0
 94 17076 0 0
 95 12134 0 0
 96 9630 0 0
 97 8385 0 0
 98 7067 0 0
 99 5178 0 0
 100 3620 0 0
 101 2951 0 0
 102 2851 0 0
 103 3010 0 0
 104 3039 0 0
 105 2737 0 0
 106 2486 0 0
 107 2464 0 0
 108 2428 0 0
 109 2230 0 0
 110 2073 0 0
 111 2007 0 0
 112 1989 0 0
 113 1978 0 0
 114 2027 0 0
 115 2050 0 0
 116 1928 0 0
 117 1741 0 0
 118 1721 0 0
 119 2233 0 0
 120 3167 0 0
 121 3710 0 0
 122 3220 0 0
 123 2285 0 0
 124 1646 0 0
 125 1437 0 0
 126 1387 0 0
 127 1337 0 0
 128 1338 0 0
 129 1348 0 0
 130 1344 0 0
 131 1348 0 0
 132 1362 0 0
 133 1348 0 0
 134 1316 0 0
 135 1294 0 0
 136 1309 0 0
 137 1312 0 0
 138 1302 0 0
 139 1314 0 0
 140 1300 0 0
 141 1269 0 0
 142 1272 0 0
 143 1255 0 0
 144 1247 0 0
 145 1249 0 0
 146 1261 0 0
 147 1272 0 0
 148 1270 0 0
 149 1281 0 0
 150 1289 0 0
 151 1286 0 0
 152 1310 0 0
 153 1291 0 0
 154 1247 0 0
 155 1243 0 0
 156 1251 0 0
 157 1262 0 0
 158 1233 0 0
 159 1242 0 0
 160 1276 0 0
 161 1270 0 0
 162 1255 0 0
 163 1252 0 0
 164 1244 0 0
 165 1234 0 0
 166 1238 0 0
 167 1243 0 0
 168 1245 0 0
 169 1232 0 0
 170 1254 0 0
 171 1238 0 0
 172 1223 0 0
 173 1246 0 0
 174 1246 0 0
 175 1224 0 0
 176 1238 0 0
 177 1246 0 0
 178 1238 0 0
 179 1225 0 0
 180 1240 0 0
 181 1252 0 0
 182 1231 0 0
 183 1235 0 0
 184 1258 0 0
 185 1232 0 0
 186 1227 0 0
 187 1234 0 0
 188 1240 0 0
 189 1225 0 0
 190 1227 0 0
 191 1235 0 0
 192 1219 0 0
 193 1216 0 0
 194 1242 0 0
 195 1234 0 0
 196 1221 0 0
 197 1233 0 0
 198 1241 0 0
 199 1221 0 0
 200 1216 0 0
 201 1241 0 0
 202 1238 0 0
 203 1213 0 0
 204 1233 0 0
 205 1246 0 0
 206 1221 0 0
 207 1228 0 0
 208 1239 0 0
 209 1234 0 0
 210 1224 0 0
 211 1239 0 0
 212 1249 0 0
 213 1236 0 0
 214 1236 0 0
 215 1245 0 0
 216 1222 0 0
 217 1225 0 0
 218 1245 0 0
 219 1233 0 0
 220 1223 0 0
 221 1218 0 0
 222 1246 0 0
 223 1231 0 0
 224 1220 0 0
 225 1235 0 0
 226 1243 0 0
 227 1223 0 0
 228 1223 0 0
 229 1236 0 0
 230 1227 0 0
 231 1219 0 0
 232 1240 0 0
 233 1240 0 0
 234 1228 0 0
 235 1229 0 0
 236 1237 0 0
 237 1222 0 0
 238 1224 0 0
 239 1234 0 0
 240 1239 0 0
 241 1224 0 0
 242 1232 0 0
 243 1248 0 0
 244 1222 0 0
 245 1221 0 0
 246 1243 0 0
 247 1237 0 0
 248 1217 0 0
 249 1232 0 0
 250 1236 0 0
 251 1230 0 0
 252 1224 0 0
 253 1239 0 0
 254 1251 0 0
 255 1269 0 0
[END] of [DATA]
[END] of [Spectrum]



[Pressure]
Version            = 1
IDData             = 95A7_2019-07-16_13-28-12_000_014
IDDevice           = IP_c10e
IDDataType         = Pressure
IDDataTypeSub1     = Calibrated
IDDataTypeSub2     = 
IDDataTypeSub3     = 
DateTime           = 2019-07-16 13:28:12
PositionLatitude   = 0
PositionLongitude  = 0
Comment            = 
CommentSub1        = 
CommentSub2        = 
CommentSub3        = 
IDMethodType       = SAMIP Control
MethodName         = SAMIP_50DB
Mission            = 
MissionSub         = 0
RecordType         = 0
[DATA]
0.00294328843515268
[END] of [DATA]
[END] of [Pressure]



[Inclination]
Version            = 1
IDData             = 95A7_2019-07-16_13-28-12_000_013
IDDevice           = IP_c10e
IDDataType         = Inclination
IDDataTypeSub1     = Calibrated
IDDataTypeSub2     = 
IDDataTypeSub3     = 
DateTime           = 2019-07-16 13:28:12
PositionLatitude   = 0
PositionLongitude  = 0
Comment            = 
CommentSub1        = 
CommentSub2        = 
CommentSub3        = 
IDMethodType       = SAMIP Control
MethodName         = SAMIP_50DB
Mission            = No Mission
MissionSub         = 1
RecordType         = 0
[DATA]
12.25 5.25 13.3598925483782
[END] of [DATA]
[END] of [Inclination]



[Spectrum]
Version            = 1
IDData             = 95A7_2019-07-16_13-28-12_000_017
IDDevice           = SAM_8581
IDDataType         = SPECTRUM
IDDataTypeSub1     = CALIBRATED
IDDataTypeSub2     = 
IDDataTypeSub3     = 
DateTime           = 2019-07-16 13:28:12
PositionLatitude   = 0
PositionLongitude  = 0
Comment            = 
CommentSub1        = 
CommentSub2        = 
CommentSub3        = 
IDMethodType       = SAMIP Control
MethodName         = SAMIP_50DB
Mission            = No Mission
MissionSub         = 1
RecordType         = 0
[Attributes]
CalFactor = 1
IDBasisSpec = 
IDDataBack = DLAB_2018-04-12_13-21-41_161_456
IDDataCal = DLAB_2018-04-13_10-52-35_723_455
InclV = 13.3598925483782
InclValid = 1
InclX = 12.25
InclY = 5.25
IntegrationTime = 1024
P31 = -1
P31e = 0
PathLength = +INF
PathLengthCustomOn = 0
PressValid = 1
Pressure = 0.00294328843515268
RAWDynamic = 65535
Salinity = 0
Temperature = -NAN
Unit1 = $01 $01 Wavelength nm
Unit2 = $03 $06 Intensity mW/(m^2 nm)
Unit3 = $f0 $06 Error mW/(m^2 nm)
Unit4 = $f1 $00 Status 
p999 = 1
[END] of [Attributes]
[DATA]
 0 9 0 0
 307.94558934712 0 0 0
 311.27333535203 0 0 0
 314.60170164096 0 0 0
 317.93067776125 -0.00892595324768888 0 0
 321.26025326024 0.0324582043157321 0 0
 324.59041768527 0.00954135846390973 0 0
 327.92116058368 -0.0251571410728569 0 0
 331.25247150281 0.0124733414474307 0 0
 334.58433999 0.0269477118819771 0 0
 337.91675559259 -0.00357204223058552 0 0
 341.24970785792 0.00347965417289816 0 0
 344.58318633333 0.0158735579586502 0 0
 347.91718056616 -0.000314389176550616 0 0
 351.25168010375 0.00517359323191089 0 0
 354.58667449344 0.0129773180063648 0 0
 357.92215328257 0.0132125468863127 0 0
 361.25810601848 0.0298898726755348 0 0
 364.59452224851 0.0538976609142007 0 0
 367.93139152 0.0617815195982101 0 0
 371.26870338029 0.0251440816831288 0 0
 374.60644737672 0.0237802668643952 0 0
 377.94461305663 0.0632804054572471 0 0
 381.28318996736 0.058678963873849 0 0
 384.62216765625 0.0481529312205826 0 0
 387.96153567064 0.064605629834404 0 0
 391.30128355787 0.070100085466272 0 0
 394.64140086528 0.0765118114984684 0 0
 397.98187714021 0.176520930697115 0 0
 401.32270193 0.881968391763598 0 0
 404.66386478199 1.27018567928331 0 0
 408.00535524352 0.91602936102457 0 0
 411.34716286193 0.416052693877146 0 0
 414.68927718456 0.364831709488963 0 0
 418.03168775875 0.426124722929009 0 0
 421.37438413184 0.522986542252113 0 0
 424.71735585117 0.655089614394973 0 0
 428.06059246408 0.970842341509295 0 0
 431.40408351791 3.68810404321906 0 0
 434.74781856 6.9045110175588 0 0
 438.09178713769 6.46919769121487 0 0
 441.43597879832 2.78593182624538 0 0
 444.78038308923 1.56745309264247 0 0
 448.12498955776 1.46978596246442 0 0
 451.46978775125 1.4951823774314 0 0
 454.81476721704 1.50207129678595 0 0
 458.15991750247 1.50170724652257 0 0
 461.50522815488 1.46307546262384 0 0
 464.85068872161 1.40762821017513 0 0
 468.19628875 1.34568865530813 0 0
 471.54201778739 1.28929463674089 0 0
 474.88786538112 1.23856489190258 0 0
 478.23382107853 1.41736812572325 0 0
 481.57987442696 2.37351533626293 0 0
 484.92601497375 3.95940957925276 0 0
 488.27223226624 4.93724232860612 0 0
 491.61851585177 4.5902179425745 0 0
 494.96485527768 3.5537164420696 0 0
 498.31124009131 2.42834443920644 0 0
 501.65765984 1.48361947214564 0 0
 505.00410407109 0.907755359001582 0 0
 508.35056233192 0.675103333915903 0 0
 511.69702416983 0.587406393088894 0 0
 515.04347913216 0.563474965961518 0 0
 518.38991676625 0.528112040385423 0 0
 521.73632661944 0.492024957295677 0 0
 525.08269823907 0.501238348063893 0 0
 528.42902117248 0.597579145949686 0 0
 531.77528496701 0.93556577813205 0 0
 535.12147917 2.53195922038514 0 0
 538.46759332879 8.1701536805066 0 0
 541.81361699072 16.0344218933958 0 0
 545.15953970313 18.3372510980539 0 0
 548.50535101336 13.3048641006077 0 0
 551.85104046875 7.23486581040657 0 0
 555.19659761664 3.73101004639115 0 0
 558.54201200437 2.01754213933216 0 0
 561.88727317928 1.46157122031396 0 0
 565.23237068871 1.34309311460355 0 0
 568.57729408 1.39894672315163 0 0
 571.92203290049 1.77771187335449 0 0
 575.26657669752 2.78184219649389 0 0
 578.61091501843 4.30929799395356 0 0
 581.95503741056 5.82907674797668 0 0
 585.29893342125 6.72457332906247 0 0
 588.64259259784 6.5392891603191 0 0
 591.98600448767 5.42210910937296 0 0
 595.32915863808 4.32891041876301 0 0
 598.67204459641 3.54802023545766 0 0
 602.01465191 3.45855015415328 0 0
 605.35697012619 6.76030776873175 0 0
 608.69898879232 14.1276546790777 0 0
 612.04069745573 17.3802022905951 0 0
 615.38208566376 14.406903065604 0 0
 618.72314296375 9.92745714528876 0 0
 622.06385890304 6.84594789155566 0 0
 625.40422302897 5.30726843949364 0 0
 628.74422488888 4.57085461880231 0 0
 632.08385403011 3.78862534726032 0 0
 635.4231 2.60894296822011 0 0
 638.76195234589 1.60661557322191 0 0
 642.10040061512 1.17507548912792 0 0
 645.43843435503 1.12426316105381 0 0
 648.77604311296 1.24871506237845 0 0
 652.11321643625 1.27868802103818 0 0
 655.44994387224 1.07094478955387 0 0
 658.78621496827 0.890967570392106 0 0
 662.12201927168 0.878773776579026 0 0
 665.45734632981 0.863288974151402 0 0
 668.79218569 0.733069498763072 0 0
 672.12652689959 0.625853470268311 0 0
 675.46035950592 0.586322847360234 0 0
 678.79367305633 0.586220777971563 0 0
 682.12645709816 0.592686085219473 0 0
 685.45870117875 0.643335842442621 0 0
 688.79039484544 0.671282114956904 0 0
 692.12152764557 0.574560712254199 0 0
 695.45208912648 0.419897961669188 0 0
 698.78206883551 0.401900165673758 0 0
 702.11145632 0.815226124329731 0 0
 705.44024112729 1.55589412451506 0 0
 708.76841280472 1.97367631355323 0 0
 712.09596089963 1.57585895472175 0 0
 715.42287495936 0.835097194202657 0 0
 718.74914453125 0.328329228384468 0 0
 722.07475916264 0.164858543741337 0 0
 725.39970840087 0.122893242890498 0 0
 728.72398179328 0.0843066930517646 0 0
 732.04756888721 0.0865728234986806 0 0
 735.37045923 0.0986202307857456 0 0
 738.69264236899 0.0942836632509392 0 0
 742.01410785152 0.101699390299422 0 0
 745.33484522493 0.111383368968955 0 0
 748.65484403656 0.102157385831048 0 0
 751.97409383375 0.0728998926997635 0 0
 755.29258416384 0.0541844177209124 0 0
 758.61030457417 0.0702502301353243 0 0
 761.92724461208 0.0742554349122685 0 0
 765.24339382491 0.0654536217380345 0 0
 768.55874176 0.079068270236311 0 0
 771.87327796469 0.0659393385432807 0 0
 775.18699198632 0.0367554290462918 0 0
 778.49987337223 0.0410416544672463 0 0
 781.81191166976 0.022483855156897 0 0
 785.12309642625 0.016083587295321 0 0
 788.43341718904 0.0194630908529497 0 0
 791.74286350547 0.030427721914461 0 0
 795.05142492288 0.0466061030757871 0 0
 798.35909098861 0.0433055554782548 0 0
 801.66585125 0.0655140482805379 0 0
 804.97169525439 0.0761938673472642 0 0
 808.27661254912 0.076617434594595 0 0
 811.58059268153 0.11187486756355 0 0
 814.88362519896 0.0950376895554042 0 0
 818.18569964875 0.0223550728849976 0 0
 821.48680557824 0.0167778486572079 0 0
 824.78693253477 0.0298515611228864 0 0
 828.08607006568 0.0560292260910537 0 0
 831.38420771831 -0.00112446184214567 0 0
 834.68133504 0.0127223184713267 0 0
 837.97744157809 0.0917696609737388 0 0
 841.27251687992 0.0784511341519688 0 0
 844.56655049283 0.0465731825216924 0 0
 847.85953196416 0.0487063403496137 0 0
 851.15145084125 0.0236309241977945 0 0
 854.44229667144 0.0119209766644699 0 0
 857.73205900207 0.0161831230637625 0 0
 861.02072738048 0.0297945530944213 0 0
 864.30829135401 0.0302996169105186 0 0
 867.59474047 0.00804628032321394 0 0
 870.88006427579 0.0621620413670434 0 0
 874.16425231872 0.0221115352457179 0 0
 877.44729414613 -0.0345208805450205 0 0
 880.72917930536 0.058204694328809 0 0
 884.00989734375 0.0453161530282725 0 0
 887.28943780864 -0.0278578906690886 0 0
 890.56779024737 0.0205787856041868 0 0
 893.84494420728 0.0559647650214829 0 0
 897.12088923571 0.0207009243246265 0 0
 900.39561488 -0.0303557647705933 0 0
 903.66911068749 0.0323430045816345 0 0
 906.94136620552 0.11051635036505 0 0
 910.21237098143 -0.0114262964282904 0 0
 913.48211456256 0.0168900841279354 0 0
 916.75058649625 0.144302366804529 0 0
 920.01777632984 0.00240780896390288 0 0
 923.28367361067 -0.0230342544859367 0 0
 926.54826788608 0.027918776500713 0 0
 929.81154870341 0.0402637908557035 0 0
 933.07350561 -0.0471754014604722 0 0
 936.33412815319 -0.0384023103990242 0 0
 939.59340588032 0.0279954445122248 0 0
 942.85132833873 -0.0979925918539453 0 0
 946.10788507576 -0.13837840561926 0 0
 949.36306563875 0.104763829366409 0 0
 952.61685957504 0.0489118620693666 0 0
 955.86925643197 0 0 0
 959.12024575688 0 0 0
 962.36981709711 0 0 0
 965.61796 0 0 0
 968.86466401289 0 0 0
 972.10991868312 0 0 0
 975.35371355803 0 0 0
 978.59603818496 0 0 0
 981.83688211125 0 0 0
 985.07623488424 0 0 0
 988.31408605127 0 0 0
 991.55042515968 0 0 0
 994.78524175681 0 0 0
 998.01852539 0 0 0
 1001.25026560659 0 0 0
 1004.48045195392 0 0 0
 1007.70907397933 0 0 0
 1010.93612123016 0 0 0
 1014.16158325375 0 0 0
 1017.38544959744 0 0 0
 1020.60770980857 0 0 0
 1023.82835343448 0 0 0
 1027.04737002251 0 0 0
 1030.26474912 0 0 0
 1033.48048027429 0 0 0
 1036.69455303272 0 0 0
 1039.90695694263 0 0 0
 1043.11768155136 0 0 0
 1046.32671640625 0 0 0
 1049.53405105464 0 0 0
 1052.73967504387 0 0 0
 1055.94357792128 0 0 0
 1059.14574923421 0 0 0
 1062.34617853 0 0 0
 1065.54485535599 0 0 0
 1068.74176925952 0 0 0
 1071.93690978793 0 0 0
 1075.13026648856 0 0 0
 1078.32182890875 0 0 0
 1081.51158659584 0 0 0
 1084.69952909717 0 0 0
 1087.88564596008 0 0 0
 1091.06992673191 0 0 0
 1094.25236096 0 0 0
 1097.43293819169 0 0 0
 1100.61164797432 0 0 0
 1103.78847985523 0 0 0
 1106.96342338176 0 0 0
 1110.13646810125 0 0 0
 1113.30760356104 0 0 0
 1116.47681930847 0 0 0
 1119.64410489088 0 0 0
 1122.80944985561 0 0 0
 1125.97284375 0 0 0
 1129.13427612139 0 0 0
 1132.29373651712 0 0 0
 1135.45121448453 0 0 0
 1138.60669957096 0 0 0
 1141.76018132375 0 0 0
 1144.91164929024 0 0 0
[END] of [DATA]
[END] of [Spectrum]



[SAMIP]
Version            = 1
IDData             = 95A7_2019-07-16_13-28-12_000_018
IDDevice           = SAMIP_50DB
IDDataType         = SAMIP
IDDataTypeSub1     = CALIBRATED
IDDataTypeSub2     = 
IDDataTypeSub3     = 
DateTime           = 2019-07-16 13:28:12
PositionLatitude   = 0
PositionLongitude  = 0
Comment            = 
CommentSub1        = 
CommentSub2        = 
CommentSub3        = 
IDMethodType       = SAMIP Control
MethodName         = SAMIP_50DB
Mission            = No Mission
MissionSub         = 1
RecordType         = 0
[Attributes]
IDDataIncl = 95A7_2019-07-16_13-28-12_000_013
IDDataPress = 95A7_2019-07-16_13-28-12_000_014
IDDataSAM = 95A7_2019-07-16_13-28-12_000_017
p999 = 1
[END] of [Attributes]
[DATA]

[END] of [DATA]
[END] of [SAMIP]

