99AA01-0717-0068	
This data is for reference only	
250	0.9724
251	0.9728
252	0.9735
253	0.9745
254	0.9747
255	0.9756
256	0.9754
257	0.9773
258	0.9775
259	0.9776
260	0.9778
261	0.9790
262	0.9795
263	0.9796
264	0.9807
265	0.9809
266	0.9816
267	0.9822
268	0.9824
269	0.9821
270	0.9825
271	0.9842
272	0.9834
273	0.9833
274	0.9850
275	0.9854
276	0.9840
277	0.9848
278	0.9838
279	0.9853
280	0.9861
281	0.9849
282	0.9850
283	0.9859
284	0.9854
285	0.9853
286	0.9869
287	0.9856
288	0.9864
289	0.9872
290	0.9861
291	0.9866
292	0.9868
293	0.9842
294	0.9874
295	0.9867
296	0.9855
297	0.9852
298	0.9851
299	0.9845
300	0.9857
301	0.9850
302	0.9858
303	0.9862
304	0.9849
305	0.9863
306	0.9852
307	0.9865
308	0.9857
309	0.9855
310	0.9871
311	0.9861
312	0.9857
313	0.9848
314	0.9855
315	0.9864
316	0.9853
317	0.9864
318	0.9871
319	0.9911
320	0.9865
321	0.9884
322	0.9871
323	0.9888
324	0.9881
325	0.9862
326	0.9863
327	0.9875
328	0.9876
329	0.9886
330	0.9866
331	0.9876
332	0.9879
333	0.9866
334	0.9874
335	0.9870
336	0.9858
337	0.9865
338	0.9871
339	0.9884
340	0.9870
341	0.9861
342	0.9879
343	0.9877
344	0.9866
345	0.9860
346	0.9869
347	0.9864
348	0.9864
349	0.9867
350	0.9865
351	0.9871
352	0.9869
353	0.9857
354	0.9874
355	0.9873
356	0.9873
357	0.9867
358	0.9878
359	0.9877
360	0.9870
361	0.9871
362	0.9877
363	0.9867
364	0.9871
365	0.9878
366	0.9891
367	0.9875
368	0.9880
369	0.9876
370	0.9878
371	0.9874
372	0.9877
373	0.9883
374	0.9878
375	0.9881
376	0.9871
377	0.9881
378	0.9895
379	0.9878
380	0.9880
381	0.9875
382	0.9875
383	0.9878
384	0.9872
385	0.9876
386	0.9879
387	0.9878
388	0.9883
389	0.9877
390	0.9880
391	0.9883
392	0.9883
393	0.9879
394	0.9881
395	0.9885
396	0.9884
397	0.9885
398	0.9885
399	0.9880
400	0.9884
401	0.9884
402	0.9886
403	0.9888
404	0.9889
405	0.9886
406	0.9891
407	0.9889
408	0.9889
409	0.9889
410	0.9891
411	0.9885
412	0.9887
413	0.9889
414	0.9890
415	0.9888
416	0.9892
417	0.9890
418	0.9888
419	0.9887
420	0.9886
421	0.9887
422	0.9887
423	0.9886
424	0.9888
425	0.9885
426	0.9885
427	0.9890
428	0.9893
429	0.9888
430	0.9887
431	0.9887
432	0.9889
433	0.9891
434	0.9891
435	0.9887
436	0.9887
437	0.9888
438	0.9887
439	0.9891
440	0.9889
441	0.9888
442	0.9890
443	0.9888
444	0.9889
445	0.9891
446	0.9890
447	0.9889
448	0.9892
449	0.9891
450	0.9892
451	0.9891
452	0.9893
453	0.9886
454	0.9888
455	0.9886
456	0.9884
457	0.9888
458	0.9890
459	0.9887
460	0.9891
461	0.9888
462	0.9890
463	0.9892
464	0.9893
465	0.9889
466	0.9889
467	0.9892
468	0.9892
469	0.9895
470	0.9894
471	0.9892
472	0.9894
473	0.9893
474	0.9896
475	0.9897
476	0.9893
477	0.9890
478	0.9894
479	0.9895
480	0.9894
481	0.9896
482	0.9896
483	0.9894
484	0.9896
485	0.9898
486	0.9899
487	0.9900
488	0.9898
489	0.9895
490	0.9897
491	0.9898
492	0.9899
493	0.9897
494	0.9892
495	0.9890
496	0.9891
497	0.9891
498	0.9895
499	0.9899
500	0.9896
501	0.9892
502	0.9893
503	0.9894
504	0.9895
505	0.9896
506	0.9890
507	0.9890
508	0.9894
509	0.9895
510	0.9895
511	0.9896
512	0.9895
513	0.9892
514	0.9894
515	0.9896
516	0.9896
517	0.9897
518	0.9896
519	0.9895
520	0.9899
521	0.9900
522	0.9897
523	0.9900
524	0.9899
525	0.9897
526	0.9895
527	0.9895
528	0.9898
529	0.9900
530	0.9896
531	0.9898
532	0.9901
533	0.9897
534	0.9896
535	0.9899
536	0.9898
537	0.9895
538	0.9898
539	0.9899
540	0.9897
541	0.9900
542	0.9896
543	0.9898
544	0.9898
545	0.9900
546	0.9898
547	0.9902
548	0.9900
549	0.9898
550	0.9898
551	0.9898
552	0.9898
553	0.9899
554	0.9896
555	0.9897
556	0.9900
557	0.9898
558	0.9900
559	0.9900
560	0.9896
561	0.9897
562	0.9896
563	0.9898
564	0.9896
565	0.9894
566	0.9898
567	0.9898
568	0.9897
569	0.9900
570	0.9901
571	0.9898
572	0.9898
573	0.9897
574	0.9892
575	0.9894
576	0.9897
577	0.9894
578	0.9897
579	0.9900
580	0.9896
581	0.9900
582	0.9900
583	0.9896
584	0.9897
585	0.9899
586	0.9898
587	0.9897
588	0.9898
589	0.9899
590	0.9902
591	0.9901
592	0.9898
593	0.9899
594	0.9900
595	0.9899
596	0.9900
597	0.9899
598	0.9897
599	0.9895
600	0.9897
601	0.9900
602	0.9902
603	0.9904
604	0.9899
605	0.9897
606	0.9899
607	0.9900
608	0.9899
609	0.9904
610	0.9897
611	0.9896
612	0.9898
613	0.9895
614	0.9894
615	0.9906
616	0.9901
617	0.9896
618	0.9894
619	0.9894
620	0.9898
621	0.9907
622	0.9895
623	0.9895
624	0.9897
625	0.9897
626	0.9897
627	0.9898
628	0.9896
629	0.9893
630	0.9898
631	0.9898
632	0.9899
633	0.9898
634	0.9895
635	0.9896
636	0.9900
637	0.9894
638	0.9892
639	0.9896
640	0.9894
641	0.9900
642	0.9900
643	0.9896
644	0.9896
645	0.9906
646	0.9899
647	0.9896
648	0.9900
649	0.9896
650	0.9898
651	0.9898
652	0.9896
653	0.9897
654	0.9896
655	0.9900
656	0.9901
657	0.9899
658	0.9897
659	0.9901
660	0.9904
661	0.9897
662	0.9901
663	0.9902
664	0.9894
665	0.9899
666	0.9897
667	0.9895
668	0.9901
669	0.9904
670	0.9899
671	0.9897
672	0.9895
673	0.9897
674	0.9899
675	0.9903
676	0.9896
677	0.9896
678	0.9901
679	0.9897
680	0.9901
681	0.9906
682	0.9889
683	0.9898
684	0.9899
685	0.9896
686	0.9898
687	0.9902
688	0.9900
689	0.9898
690	0.9901
691	0.9900
692	0.9897
693	0.9901
694	0.9894
695	0.9894
696	0.9901
697	0.9900
698	0.9903
699	0.9903
700	0.9901
701	0.9902
702	0.9898
703	0.9902
704	0.9903
705	0.9895
706	0.9886
707	0.9901
708	0.9899
709	0.9898
710	0.9898
711	0.9901
712	0.9896
713	0.9901
714	0.9896
715	0.9897
716	0.9901
717	0.9903
718	0.9898
719	0.9899
720	0.9904
721	0.9905
722	0.9907
723	0.9899
724	0.9897
725	0.9898
726	0.9897
727	0.9895
728	0.9900
729	0.9898
730	0.9906
731	0.9902
732	0.9894
733	0.9896
734	0.9900
735	0.9900
736	0.9896
737	0.9900
738	0.9906
739	0.9894
740	0.9893
741	0.9897
742	0.9889
743	0.9897
744	0.9898
745	0.9904
746	0.9895
747	0.9896
748	0.9894
749	0.9896
750	0.9902
751	0.9898
752	0.9894
753	0.9900
754	0.9896
755	0.9898
756	0.9896
757	0.9899
758	0.9896
759	0.9901
760	0.9898
761	0.9899
762	0.9899
763	0.9903
764	0.9901
765	0.9903
766	0.9902
767	0.9899
768	0.9896
769	0.9896
770	0.9903
771	0.9896
772	0.9900
773	0.9895
774	0.9896
775	0.9898
776	0.9902
777	0.9895
778	0.9895
779	0.9897
780	0.9897
781	0.9896
782	0.9903
783	0.9900
784	0.9904
785	0.9897
786	0.9898
787	0.9894
788	0.9906
789	0.9904
790	0.9899
791	0.9895
792	0.9901
793	0.9898
794	0.9897
795	0.9906
796	0.9896
797	0.9896
798	0.9898
799	0.9907
800	0.9897
801	0.9893
802	0.9892
803	0.9895
804	0.9906
805	0.9904
806	0.9899
807	0.9902
808	0.9902
809	0.9896
810	0.9903
811	0.9905
812	0.9902
813	0.9899
814	0.9900
815	0.9893
816	0.9897
817	0.9901
818	0.9903
819	0.9903
820	0.9896
821	0.9902
822	0.9902
823	0.9904
824	0.9905
825	0.9900
826	0.9899
827	0.9901
828	0.9898
829	0.9898
830	0.9907
831	0.9902
832	0.9901
833	0.9907
834	0.9910
835	0.9899
836	0.9894
837	0.9902
838	0.9917
839	0.9918
840	0.9900
841	0.9898
842	0.9903
843	0.9912
844	0.9909
845	0.9914
846	0.9923
847	0.9910
848	0.9901
849	0.9902
850	0.9904
851	0.9906
852	0.9905
853	0.9912
854	0.9896
855	0.9886
856	0.9903
857	0.9907
858	0.9886
859	0.9884
860	0.9902
861	0.9903
862	0.9869
863	0.9881
864	0.9891
865	0.9882
866	0.9898
867	0.9904
868	0.9887
869	0.9900
870	0.9906
871	0.9886
872	0.9895
873	0.9916
874	0.9889
875	0.9876
876	0.9891
877	0.9892
878	0.9928
879	0.9959
880	0.9901
881	0.9875
882	0.9893
883	0.9910
884	0.9911
885	0.9894
886	0.9888
887	0.9889
888	0.9899
889	0.9888
890	0.9896
891	0.9906
892	0.9893
893	0.9894
894	0.9898
895	0.9887
896	0.9900
897	0.9901
898	0.9890
899	0.9896
900	0.9893
901	0.9904
902	0.9919
903	0.9910
904	0.9894
905	0.9897
906	0.9902
907	0.9894
908	0.9902
909	0.9897
910	0.9896
911	0.9906
912	0.9907
913	0.9906
914	0.9919
915	0.9913
916	0.9894
917	0.9897
918	0.9902
919	0.9904
920	0.9908
921	0.9907
922	0.9897
923	0.9895
924	0.9900
925	0.9901
926	0.9909
927	0.9898
928	0.9886
929	0.9895
930	0.9900
931	0.9896
932	0.9907
933	0.9908
934	0.9898
935	0.9901
936	0.9902
937	0.9897
938	0.9912
939	0.9910
940	0.9893
941	0.9901
942	0.9906
943	0.9902
944	0.9914
945	0.9912
946	0.9901
947	0.9909
948	0.9905
949	0.9893
950	0.9905
951	0.9907
952	0.9904
953	0.9903
954	0.9902
955	0.9901
956	0.9908
957	0.9907
958	0.9900
959	0.9906
960	0.9902
961	0.9895
962	0.9904
963	0.9907
964	0.9904
965	0.9905
966	0.9903
967	0.9905
968	0.9914
969	0.9903
970	0.9901
971	0.9903
972	0.9901
973	0.9907
974	0.9908
975	0.9897
976	0.9893
977	0.9907
978	0.9909
979	0.9907
980	0.9904
981	0.9903
982	0.9897
983	0.9909
984	0.9909
985	0.9908
986	0.9912
987	0.9910
988	0.9900
989	0.9903
990	0.9905
991	0.9908
992	0.9899
993	0.9899
994	0.9897
995	0.9909
996	0.9907
997	0.9903
998	0.9897
999	0.9905
1000	0.9906
1001	0.9907
1002	0.9907
1003	0.9903
1004	0.9903
1005	0.9903
1006	0.9897
1007	0.9908
1008	0.9900
1009	0.9906
1010	0.9905
1011	0.9905
1012	0.9901
1013	0.9910
1014	0.9910
1015	0.9906
1016	0.9904
1017	0.9905
1018	0.9906
1019	0.9916
1020	0.9908
1021	0.9901
1022	0.9900
1023	0.9905
1024	0.9908
1025	0.9913
1026	0.9910
1027	0.9904
1028	0.9898
1029	0.9903
1030	0.9902
1031	0.9911
1032	0.9909
1033	0.9907
1034	0.9910
1035	0.9909
1036	0.9907
1037	0.9911
1038	0.9911
1039	0.9910
1040	0.9905
1041	0.9913
1042	0.9909
1043	0.9911
1044	0.9905
1045	0.9905
1046	0.9901
1047	0.9908
1048	0.9905
1049	0.9910
1050	0.9908
1051	0.9905
1052	0.9908
1053	0.9900
1054	0.9905
1055	0.9908
1056	0.9905
1057	0.9906
1058	0.9903
1059	0.9903
1060	0.9899
1061	0.9911
1062	0.9904
1063	0.9911
1064	0.9906
1065	0.9912
1066	0.9908
1067	0.9916
1068	0.9907
1069	0.9910
1070	0.9907
1071	0.9920
1072	0.9911
1073	0.9913
1074	0.9915
1075	0.9915
1076	0.9910
1077	0.9914
1078	0.9914
1079	0.9914
1080	0.9911
1081	0.9904
1082	0.9904
1083	0.9909
1084	0.9906
1085	0.9911
1086	0.9909
1087	0.9909
1088	0.9901
1089	0.9902
1090	0.9902
1091	0.9914
1092	0.9907
1093	0.9908
1094	0.9907
1095	0.9906
1096	0.9900
1097	0.9909
1098	0.9908
1099	0.9908
1100	0.9904
1101	0.9906
1102	0.9901
1103	0.9908
1104	0.9900
1105	0.9905
1106	0.9905
1107	0.9910
1108	0.9903
1109	0.9908
1110	0.9906
1111	0.9907
1112	0.9907
1113	0.9913
1114	0.9910
1115	0.9910
1116	0.9908
1117	0.9903
1118	0.9907
1119	0.9906
1120	0.9901
1121	0.9913
1122	0.9905
1123	0.9909
1124	0.9909
1125	0.9901
1126	0.9903
1127	0.9911
1128	0.9907
1129	0.9905
1130	0.9906
1131	0.9910
1132	0.9903
1133	0.9906
1134	0.9910
1135	0.9910
1136	0.9907
1137	0.9914
1138	0.9908
1139	0.9908
1140	0.9904
1141	0.9908
1142	0.9904
1143	0.9910
1144	0.9904
1145	0.9907
1146	0.9911
1147	0.9911
1148	0.9904
1149	0.9904
1150	0.9902
1151	0.9911
1152	0.9903
1153	0.9905
1154	0.9901
1155	0.9910
1156	0.9904
1157	0.9907
1158	0.9903
1159	0.9908
1160	0.9906
1161	0.9909
1162	0.9901
1163	0.9908
1164	0.9906
1165	0.9904
1166	0.9907
1167	0.9908
1168	0.9904
1169	0.9909
1170	0.9902
1171	0.9905
1172	0.9904
1173	0.9906
1174	0.9901
1175	0.9906
1176	0.9901
1177	0.9901
1178	0.9899
1179	0.9905
1180	0.9899
1181	0.9907
1182	0.9903
1183	0.9898
1184	0.9898
1185	0.9900
1186	0.9898
1187	0.9899
1188	0.9893
1189	0.9894
1190	0.9902
1191	0.9906
1192	0.9899
1193	0.9894
1194	0.9898
1195	0.9897
1196	0.9902
1197	0.9900
1198	0.9897
1199	0.9898
1200	0.9902
1201	0.9898
1202	0.9900
1203	0.9899
1204	0.9898
1205	0.9899
1206	0.9894
1207	0.9894
1208	0.9896
1209	0.9897
1210	0.9894
1211	0.9899
1212	0.9899
1213	0.9897
1214	0.9897
1215	0.9898
1216	0.9893
1217	0.9894
1218	0.9891
1219	0.9894
1220	0.9897
1221	0.9895
1222	0.9895
1223	0.9896
1224	0.9897
1225	0.9898
1226	0.9900
1227	0.9900
1228	0.9896
1229	0.9892
1230	0.9892
1231	0.9894
1232	0.9893
1233	0.9897
1234	0.9894
1235	0.9892
1236	0.9895
1237	0.9898
1238	0.9896
1239	0.9900
1240	0.9894
1241	0.9891
1242	0.9893
1243	0.9893
1244	0.9897
1245	0.9898
1246	0.9893
1247	0.9895
1248	0.9900
1249	0.9894
1250	0.9894
1251	0.9898
1252	0.9893
1253	0.9895
1254	0.9894
1255	0.9894
1256	0.9896
1257	0.9894
1258	0.9894
1259	0.9897
1260	0.9893
1261	0.9894
1262	0.9897
1263	0.9900
1264	0.9894
1265	0.9894
1266	0.9893
1267	0.9898
1268	0.9900
1269	0.9893
1270	0.9889
1271	0.9890
1272	0.9895
1273	0.9896
1274	0.9892
1275	0.9893
1276	0.9891
1277	0.9891
1278	0.9892
1279	0.9892
1280	0.9893
1281	0.9893
1282	0.9890
1283	0.9892
1284	0.9895
1285	0.9889
1286	0.9889
1287	0.9887
1288	0.9886
1289	0.9884
1290	0.9887
1291	0.9888
1292	0.9888
1293	0.9888
1294	0.9884
1295	0.9886
1296	0.9891
1297	0.9890
1298	0.9890
1299	0.9888
1300	0.9884
1301	0.9885
1302	0.9889
1303	0.9887
1304	0.9887
1305	0.9888
1306	0.9887
1307	0.9884
1308	0.9887
1309	0.9888
1310	0.9886
1311	0.9886
1312	0.9888
1313	0.9889
1314	0.9891
1315	0.9888
1316	0.9889
1317	0.9890
1318	0.9887
1319	0.9886
1320	0.9886
1321	0.9885
1322	0.9885
1323	0.9888
1324	0.9889
1325	0.9887
1326	0.9887
1327	0.9885
1328	0.9886
1329	0.9887
1330	0.9886
1331	0.9884
1332	0.9887
1333	0.9886
1334	0.9885
1335	0.9886
1336	0.9880
1337	0.9882
1338	0.9887
1339	0.9882
1340	0.9882
1341	0.9886
1342	0.9885
1343	0.9879
1344	0.9879
1345	0.9880
1346	0.9880
1347	0.9881
1348	0.9881
1349	0.9882
1350	0.9884
1351	0.9880
1352	0.9877
1353	0.9881
1354	0.9877
1355	0.9877
1356	0.9881
1357	0.9878
1358	0.9876
1359	0.9877
1360	0.9878
1361	0.9876
1362	0.9878
1363	0.9876
1364	0.9875
1365	0.9878
1366	0.9873
1367	0.9875
1368	0.9875
1369	0.9870
1370	0.9868
1371	0.9876
1372	0.9874
1373	0.9869
1374	0.9871
1375	0.9871
1376	0.9870
1377	0.9869
1378	0.9868
1379	0.9872
1380	0.9874
1381	0.9875
1382	0.9876
1383	0.9877
1384	0.9875
1385	0.9874
1386	0.9874
1387	0.9873
1388	0.9869
1389	0.9874
1390	0.9872
1391	0.9868
1392	0.9870
1393	0.9872
1394	0.9873
1395	0.9877
1396	0.9874
1397	0.9870
1398	0.9873
1399	0.9875
1400	0.9878
1401	0.9884
1402	0.9877
1403	0.9879
1404	0.9882
1405	0.9877
1406	0.9874
1407	0.9878
1408	0.9874
1409	0.9873
1410	0.9871
1411	0.9871
1412	0.9872
1413	0.9882
1414	0.9876
1415	0.9878
1416	0.9877
1417	0.9877
1418	0.9878
1419	0.9881
1420	0.9882
1421	0.9876
1422	0.9876
1423	0.9880
1424	0.9876
1425	0.9877
1426	0.9873
1427	0.9885
1428	0.9881
1429	0.9879
1430	0.9879
1431	0.9890
1432	0.9885
1433	0.9881
1434	0.9886
1435	0.9889
1436	0.9887
1437	0.9891
1438	0.9881
1439	0.9886
1440	0.9881
1441	0.9876
1442	0.9880
1443	0.9882
1444	0.9884
1445	0.9886
1446	0.9884
1447	0.9886
1448	0.9884
1449	0.9880
1450	0.9882
1451	0.9886
1452	0.9883
1453	0.9886
1454	0.9888
1455	0.9882
1456	0.9881
1457	0.9882
1458	0.9880
1459	0.9879
1460	0.9884
1461	0.9891
1462	0.9883
1463	0.9890
1464	0.9887
1465	0.9888
1466	0.9887
1467	0.9889
1468	0.9892
1469	0.9889
1470	0.9887
1471	0.9882
1472	0.9884
1473	0.9891
1474	0.9883
1475	0.9880
1476	0.9880
1477	0.9881
1478	0.9880
1479	0.9891
1480	0.9886
1481	0.9883
1482	0.9889
1483	0.9884
1484	0.9883
1485	0.9883
1486	0.9879
1487	0.9892
1488	0.9883
1489	0.9882
1490	0.9883
1491	0.9892
1492	0.9887
1493	0.9884
1494	0.9890
1495	0.9884
1496	0.9883
1497	0.9881
1498	0.9879
1499	0.9884
1500	0.9884
1501	0.9884
1502	0.9883
1503	0.9890
1504	0.9882
1505	0.9886
1506	0.9887
1507	0.9881
1508	0.9885
1509	0.9888
1510	0.9877
1511	0.9885
1512	0.9882
1513	0.9885
1514	0.9886
1515	0.9887
1516	0.9874
1517	0.9882
1518	0.9884
1519	0.9887
1520	0.9884
1521	0.9891
1522	0.9885
1523	0.9884
1524	0.9885
1525	0.9887
1526	0.9882
1527	0.9887
1528	0.9887
1529	0.9883
1530	0.9881
1531	0.9888
1532	0.9883
1533	0.9890
1534	0.9881
1535	0.9889
1536	0.9890
1537	0.9881
1538	0.9878
1539	0.9893
1540	0.9885
1541	0.9886
1542	0.9885
1543	0.9887
1544	0.9887
1545	0.9894
1546	0.9877
1547	0.9886
1548	0.9886
1549	0.9882
1550	0.9881
1551	0.9889
1552	0.9883
1553	0.9895
1554	0.9882
1555	0.9888
1556	0.9882
1557	0.9884
1558	0.9878
1559	0.9893
1560	0.9886
1561	0.9886
1562	0.9865
1563	0.9881
1564	0.9880
1565	0.9870
1566	0.9876
1567	0.9894
1568	0.9883
1569	0.9892
1570	0.9881
1571	0.9884
1572	0.9890
1573	0.9886
1574	0.9879
1575	0.9882
1576	0.9879
1577	0.9886
1578	0.9892
1579	0.9878
1580	0.9879
1581	0.9883
1582	0.9880
1583	0.9879
1584	0.9882
1585	0.9890
1586	0.9890
1587	0.9887
1588	0.9875
1589	0.9888
1590	0.9879
1591	0.9878
1592	0.9881
1593	0.9884
1594	0.9871
1595	0.9878
1596	0.9890
1597	0.9881
1598	0.9875
1599	0.9889
1600	0.9878
1601	0.9876
1602	0.9879
1603	0.9870
1604	0.9878
1605	0.9874
1606	0.9876
1607	0.9881
1608	0.9879
1609	0.9878
1610	0.9870
1611	0.9876
1612	0.9875
1613	0.9876
1614	0.9886
1615	0.9881
1616	0.9878
1617	0.9884
1618	0.9867
1619	0.9875
1620	0.9876
1621	0.9868
1622	0.9872
1623	0.9880
1624	0.9879
1625	0.9871
1626	0.9879
1627	0.9876
1628	0.9875
1629	0.9881
1630	0.9870
1631	0.9871
1632	0.9876
1633	0.9878
1634	0.9882
1635	0.9882
1636	0.9873
1637	0.9867
1638	0.9884
1639	0.9880
1640	0.9869
1641	0.9875
1642	0.9862
1643	0.9876
1644	0.9874
1645	0.9869
1646	0.9861
1647	0.9855
1648	0.9853
1649	0.9864
1650	0.9872
1651	0.9871
1652	0.9859
1653	0.9865
1654	0.9860
1655	0.9863
1656	0.9869
1657	0.9862
1658	0.9853
1659	0.9866
1660	0.9858
1661	0.9864
1662	0.9859
1663	0.9857
1664	0.9869
1665	0.9871
1666	0.9854
1667	0.9866
1668	0.9868
1669	0.9855
1670	0.9850
1671	0.9868
1672	0.9881
1673	0.9865
1674	0.9863
1675	0.9848
1676	0.9844
1677	0.9858
1678	0.9887
1679	0.9861
1680	0.9850
1681	0.9844
1682	0.9849
1683	0.9853
1684	0.9882
1685	0.9881
1686	0.9856
1687	0.9848
1688	0.9844
1689	0.9850
1690	0.9877
1691	0.9863
1692	0.9855
1693	0.9840
1694	0.9841
1695	0.9852
1696	0.9874
1697	0.9864
1698	0.9855
1699	0.9838
1700	0.9842
1701	0.9850
1702	0.9867
1703	0.9863
1704	0.9862
1705	0.9837
1706	0.9833
1707	0.9846
1708	0.9853
1709	0.9859
1710	0.9863
1711	0.9831
1712	0.9836
1713	0.9854
1714	0.9866
1715	0.9865
1716	0.9855
1717	0.9833
1718	0.9837
1719	0.9860
1720	0.9875
1721	0.9865
1722	0.9857
1723	0.9837
1724	0.9835
1725	0.9854
1726	0.9870
1727	0.9859
1728	0.9850
1729	0.9843
1730	0.9841
1731	0.9844
1732	0.9869
1733	0.9866
1734	0.9855
1735	0.9844
1736	0.9849
1737	0.9865
1738	0.9883
1739	0.9867
1740	0.9854
1741	0.9845
1742	0.9836
1743	0.9844
1744	0.9859
1745	0.9849
1746	0.9845
1747	0.9833
1748	0.9835
1749	0.9853
1750	0.9882
1751	0.9861
1752	0.9846
1753	0.9833
1754	0.9830
1755	0.9863
1756	0.9877
1757	0.9860
1758	0.9849
1759	0.9842
1760	0.9828
1761	0.9851
1762	0.9877
1763	0.9868
1764	0.9850
1765	0.9824
1766	0.9832
1767	0.9851
1768	0.9868
1769	0.9865
1770	0.9856
1771	0.9829
1772	0.9827
1773	0.9847
1774	0.9874
1775	0.9864
1776	0.9852
1777	0.9836
1778	0.9835
1779	0.9858
1780	0.9879
1781	0.9863
1782	0.9844
1783	0.9832
1784	0.9841
1785	0.9869
1786	0.9876
1787	0.9866
1788	0.9861
1789	0.9836
1790	0.9833
1791	0.9856
1792	0.9871
1793	0.9854
1794	0.9839
1795	0.9832
1796	0.9834
1797	0.9854
1798	0.9874
1799	0.9866
1800	0.9850
1801	0.9834
1802	0.9830
1803	0.9851
1804	0.9860
1805	0.9857
1806	0.9849
1807	0.9834
1808	0.9835
1809	0.9865
1810	0.9879
1811	0.9860
1812	0.9843
1813	0.9826
1814	0.9817
1815	0.9844
1816	0.9859
1817	0.9843
1818	0.9828
1819	0.9822
1820	0.9822
1821	0.9854
1822	0.9869
1823	0.9849
1824	0.9827
1825	0.9813
1826	0.9810
1827	0.9847
1828	0.9862
1829	0.9836
1830	0.9826
1831	0.9808
1832	0.9791
1833	0.9844
1834	0.9859
1835	0.9825
1836	0.9806
1837	0.9789
1838	0.9790
1839	0.9843
1840	0.9868
1841	0.9841
1842	0.9798
1843	0.9768
1844	0.9768
1845	0.9826
1846	0.9840
1847	0.9805
1848	0.9781
1849	0.9763
1850	0.9770
1851	0.9826
1852	0.9840
1853	0.9824
1854	0.9800
1855	0.9768
1856	0.9761
1857	0.9818
1858	0.9835
1859	0.9805
1860	0.9790
1861	0.9764
1862	0.9785
1863	0.9821
1864	0.9837
1865	0.9809
1866	0.9766
1867	0.9765
1868	0.9783
1869	0.9828
1870	0.9831
1871	0.9812
1872	0.9782
1873	0.9769
1874	0.9764
1875	0.9784
1876	0.9824
1877	0.9804
1878	0.9763
1879	0.9760
1880	0.9747
1881	0.9808
1882	0.9828
1883	0.9813
1884	0.9769
1885	0.9747
1886	0.9739
1887	0.9810
1888	0.9815
1889	0.9830
1890	0.9787
1891	0.9735
1892	0.9747
1893	0.9817
1894	0.9825
1895	0.9801
1896	0.9797
1897	0.9773
1898	0.9744
1899	0.9861
1900	0.9876
1901	0.9834
1902	0.9756
1903	0.9735
1904	0.9760
1905	0.9808
1906	0.9808
1907	0.9801
1908	0.9776
1909	0.9740
1910	0.9741
1911	0.9854
1912	0.9825
1913	0.9796
1914	0.9753
1915	0.9719
1916	0.9730
1917	0.9864
1918	0.9848
1919	0.9783
1920	0.9762
1921	0.9706
1922	0.9720
1923	0.9841
1924	0.9853
1925	0.9800
1926	0.9766
1927	0.9722
1928	0.9726
1929	0.9840
1930	0.9837
1931	0.9801
1932	0.9765
1933	0.9703
1934	0.9720
1935	0.9828
1936	0.9843
1937	0.9796
1938	0.9734
1939	0.9727
1940	0.9728
1941	0.9812
1942	0.9810
1943	0.9763
1944	0.9746
1945	0.9711
1946	0.9726
1947	0.9795
1948	0.9796
1949	0.9790
1950	0.9737
1951	0.9726
1952	0.9722
1953	0.9824
1954	0.9797
1955	0.9772
1956	0.9732
1957	0.9705
1958	0.9722
1959	0.9825
1960	0.9813
1961	0.9777
1962	0.9761
1963	0.9732
1964	0.9744
1965	0.9762
1966	0.9789
1967	0.9803
1968	0.9740
1969	0.9728
1970	0.9727
1971	0.9798
1972	0.9793
1973	0.9748
1974	0.9721
1975	0.9738
1976	0.9716
1977	0.9790
1978	0.9776
1979	0.9738
1980	0.9736
1981	0.9708
1982	0.9711
1983	0.9772
1984	0.9751
1985	0.9744
1986	0.9712
1987	0.9692
1988	0.9726
1989	0.9754
1990	0.9740
1991	0.9779
1992	0.9687
1993	0.9702
1994	0.9706
1995	0.9809
1996	0.9772
1997	0.9740
1998	0.9684
1999	0.9694
2000	0.9686
2001	0.9739
2002	0.9737
2003	0.9763
2004	0.9686
2005	0.9664
2006	0.9656
2007	0.9716
2008	0.9734
2009	0.9712
2010	0.9672
2011	0.9627
2012	0.9662
2013	0.9751
2014	0.9715
2015	0.9679
2016	0.9676
2017	0.9632
2018	0.9665
2019	0.9706
2020	0.9677
2021	0.9696
2022	0.9637
2023	0.9615
2024	0.9636
2025	0.9689
2026	0.9672
2027	0.9674
2028	0.9608
2029	0.9629
2030	0.9620
2031	0.9680
2032	0.9647
2033	0.9720
2034	0.9624
2035	0.9596
2036	0.9623
2037	0.9618
2038	0.9652
2039	0.9645
2040	0.9575
2041	0.9589
2042	0.9565
2043	0.9714
2044	0.9668
2045	0.9603
2046	0.9571
2047	0.9553
2048	0.9557
2049	0.9656
2050	0.9626
2051	0.9640
2052	0.9574
2053	0.9498
2054	0.9569
2055	0.9702
2056	0.9582
2057	0.9644
2058	0.9539
2059	0.9539
2060	0.9578
2061	0.9675
2062	0.9613
2063	0.9585
2064	0.9529
2065	0.9504
2066	0.9519
2067	0.9702
2068	0.9649
2069	0.9521
2070	0.9533
2071	0.9489
2072	0.9567
2073	0.9648
2074	0.9594
2075	0.9589
2076	0.9514
2077	0.9477
2078	0.9544
2079	0.9654
2080	0.9586
2081	0.9536
2082	0.9471
2083	0.9445
2084	0.9495
2085	0.9653
2086	0.9622
2087	0.9544
2088	0.9504
2089	0.9479
2090	0.9494
2091	0.9644
2092	0.9568
2093	0.9567
2094	0.9463
2095	0.9443
2096	0.9485
2097	0.9628
2098	0.9577
2099	0.9501
2100	0.9442
2101	0.9442
2102	0.9479
2103	0.9654
2104	0.9569
2105	0.9520
2106	0.9397
2107	0.9414
2108	0.9433
2109	0.9649
2110	0.9544
2111	0.9559
2112	0.9480
2113	0.9395
2114	0.9488
2115	0.9619
2116	0.9528
2117	0.9515
2118	0.9403
2119	0.9398
2120	0.9436
2121	0.9550
2122	0.9512
2123	0.9522
2124	0.9408
2125	0.9393
2126	0.9433
2127	0.9617
2128	0.9512
2129	0.9476
2130	0.9415
2131	0.9385
2132	0.9455
2133	0.9538
2134	0.9527
2135	0.9507
2136	0.9455
2137	0.9396
2138	0.9411
2139	0.9609
2140	0.9575
2141	0.9437
2142	0.9390
2143	0.9376
2144	0.9417
2145	0.9572
2146	0.9598
2147	0.9498
2148	0.9452
2149	0.9388
2150	0.9436
2151	0.9665
2152	0.9606
2153	0.9495
2154	0.9424
2155	0.9373
2156	0.9438
2157	0.9565
2158	0.9551
2159	0.9541
2160	0.9389
2161	0.9409
2162	0.9465
2163	0.9588
2164	0.9542
2165	0.9515
2166	0.9430
2167	0.9446
2168	0.9573
2169	0.9634
2170	0.9595
2171	0.9554
2172	0.9450
2173	0.9531
2174	0.9576
2175	0.9689
2176	0.9606
2177	0.9583
2178	0.9533
2179	0.9532
2180	0.9570
2181	0.9648
2182	0.9620
2183	0.9586
2184	0.9505
2185	0.9535
2186	0.9616
2187	0.9693
2188	0.9655
2189	0.9627
2190	0.9592
2191	0.9571
2192	0.9606
2193	0.9569
2194	0.9604
2195	0.9668
2196	0.9604
2197	0.9558
2198	0.9649
2199	0.9726
2200	0.9738
2201	0.9680
2202	0.9586
2203	0.9615
2204	0.9687
2205	0.9708
2206	0.9705
2207	0.9714
2208	0.9614
2209	0.9548
2210	0.9576
2211	0.9692
2212	0.9668
2213	0.9663
2214	0.9680
2215	0.9572
2216	0.9614
2217	0.9706
2218	0.9755
2219	0.9685
2220	0.9617
2221	0.9578
2222	0.9634
2223	0.9732
2224	0.9772
2225	0.9689
2226	0.9618
2227	0.9591
2228	0.9611
2229	0.9684
2230	0.9734
2231	0.9693
2232	0.9661
2233	0.9602
2234	0.9616
2235	0.9724
2236	0.9759
2237	0.9715
2238	0.9639
2239	0.9574
2240	0.9607
2241	0.9702
2242	0.9749
2243	0.9666
2244	0.9621
2245	0.9585
2246	0.9629
2247	0.9739
2248	0.9724
2249	0.9675
2250	0.9654
2251	0.9563
2252	0.9587
2253	0.9650
2254	0.9671
2255	0.9636
2256	0.9574
2257	0.9483
2258	0.9531
2259	0.9703
2260	0.9784
2261	0.9679
2262	0.9558
2263	0.9564
2264	0.9650
2265	0.9776
2266	0.9814
2267	0.9703
2268	0.9598
2269	0.9547
2270	0.9574
2271	0.9741
2272	0.9733
2273	0.9559
2274	0.9550
2275	0.9556
2276	0.9632
2277	0.9759
2278	0.9726
2279	0.9577
2280	0.9502
2281	0.9493
2282	0.9523
2283	0.9718
2284	0.9758
2285	0.9622
2286	0.9506
2287	0.9465
2288	0.9516
2289	0.9730
2290	0.9697
2291	0.9516
2292	0.9484
2293	0.9512
2294	0.9561
2295	0.9659
2296	0.9668
2297	0.9620
2298	0.9490
2299	0.9404
2300	0.9521
2301	0.9726
2302	0.9665
2303	0.9560
2304	0.9482
2305	0.9429
2306	0.9459
2307	0.9627
2308	0.9651
2309	0.9538
2310	0.9460
2311	0.9443
2312	0.9451
2313	0.9698
2314	0.9796
2315	0.9643
2316	0.9517
2317	0.9451
2318	0.9509
2319	0.9701
2320	0.9751
2321	0.9657
2322	0.9454
2323	0.9381
2324	0.9427
2325	0.9626
2326	0.9650
2327	0.9626
2328	0.9483
2329	0.9366
2330	0.9395
2331	0.9616
2332	0.9647
2333	0.9529
2334	0.9493
2335	0.9375
2336	0.9376
2337	0.9610
2338	0.9675
2339	0.9571
2340	0.9406
2341	0.9316
2342	0.9399
2343	0.9676
2344	0.9660
2345	0.9507
2346	0.9421
2347	0.9316
2348	0.9367
2349	0.9502
2350	0.9561
2351	0.9547
2352	0.9429
2353	0.9250
2354	0.9314
2355	0.9428
2356	0.9354
2357	0.9473
2358	0.9554
2359	0.9529
2360	0.9502
2361	0.9415
2362	0.9288
2363	0.9517
2364	0.9516
2365	0.9540
2366	0.9473
2367	0.9378
2368	0.9364
2369	0.9486
2370	0.9529
2371	0.9458
2372	0.9376
2373	0.9545
2374	0.9442
2375	0.9658
2376	0.9488
2377	0.9339
2378	0.9404
2379	0.9470
2380	0.9399
2381	0.9561
2382	0.9468
2383	0.9413
2384	0.9392
2385	0.9360
2386	0.9303
2387	0.9417
2388	0.9345
2389	0.9597
2390	0.9422
2391	0.9329
2392	0.9297
2393	0.9569
2394	0.9520
2395	0.9532
2396	0.9459
2397	0.9537
2398	0.9448
2399	0.9583
2400	0.9447
2401	0.9487
2402	0.9268
2403	0.9341
2404	0.9337
2405	0.9350
2406	0.9386
2407	0.9485
2408	0.9369
2409	0.9345
2410	0.9340
2411	0.9610
2412	0.9404
2413	0.9423
2414	0.9577
2415	0.9478
2416	0.9338
2417	0.9575
2418	0.9475
2419	0.9541
2420	0.9425
2421	0.9409
2422	0.9245
2423	0.9531
2424	0.9352
2425	0.9480
2426	0.9287
2427	0.9463
2428	0.9342
2429	0.9660
2430	0.9200
2431	0.9527
2432	0.9254
2433	0.9423
2434	0.9315
2435	0.9489
2436	0.9398
2437	0.9502
2438	0.9252
2439	0.9500
2440	0.9349
2441	0.9771
2442	0.9473
2443	0.9448
2444	0.9308
2445	0.9495
2446	0.9333
2447	0.9393
2448	0.9475
2449	0.9661
2450	0.9366
2451	0.9430
2452	0.9286
2453	0.9619
2454	0.9280
2455	0.9429
2456	0.9265
2457	0.9318
2458	0.9194
2459	0.9683
2460	0.9331
2461	0.9614
2462	0.9388
2463	0.9691
2464	0.9699
2465	0.9486
2466	0.9539
2467	0.9038
2468	0.9404
2469	0.9327
2470	0.9173
2471	0.9487
2472	0.9256
2473	0.9563
2474	0.9303
2475	0.9409
2476	0.9391
2477	0.9528
2478	0.9171
2479	0.9499
2480	0.9147
2481	0.9516
2482	0.9649
2483	0.9843
2484	0.9361
2485	0.9387
2486	0.9331
2487	0.9495
2488	0.9271
2489	0.9528
2490	0.9520
2491	0.9592
2492	0.9339
2493	0.9437
2494	0.9200
2495	0.9340
2496	0.9473
2497	0.9432
2498	0.9029
2499	0.9493
2500	0.9401
